7351.000 12.692
7352.000 12.126
7353.000 12.284
7354.000 12.453
7355.000 12.625
7356.000 12.799
7357.000 12.972
7358.000 13.090
7359.000 13.256
7360.000 13.493
7361.000 13.669
7362.000 13.878
7363.000 14.142
7364.000 14.358
7365.000 14.584
7366.000 14.768
7367.000 15.004
7368.000 15.266
7369.000 15.566
7370.000 15.818
7371.000 15.947
7372.000 16.224
7373.000 16.537
7374.000 16.857
7375.000 17.181
7376.000 17.501
7377.000 17.817
7378.000 18.227
7379.000 18.546
7380.000 18.870
7381.000 19.406
7382.000 19.736
7383.000 19.939
7384.000 20.359
7385.000 20.770
7386.000 21.279
7387.000 21.820
7388.000 22.307
7389.000 22.870
7390.000 23.469
7391.000 24.068
7392.000 24.379
7393.000 24.930
7394.000 25.277
7395.000 25.959
7396.000 26.773
7397.000 27.527
7398.000 28.704
7399.000 29.578
7400.000 30.651
7401.000 31.447
7402.000 32.506
7403.000 33.687
7404.000 34.620
7405.000 35.927
7406.000 37.240
7407.000 37.831
7408.000 39.190
7409.000 40.534
7410.000 42.339
7411.000 43.949
7412.000 45.602
7413.000 47.344
7414.000 49.752
7415.000 52.015
7416.000 54.052
7417.000 56.208
7418.000 57.997
7419.000 60.688
7420.000 61.879
7421.000 64.310
7422.000 66.834
7423.000 69.111
7424.000 71.121
7425.000 73.208
7426.000 74.799
7427.000 75.887
7428.000 76.640
7429.000 76.831
7430.000 76.500
7431.000 75.680
7432.000 75.116
7433.000 73.429
7434.000 71.690
7435.000 69.707
7436.000 66.951
7437.000 64.458
7438.000 62.257
7439.000 59.579
7440.000 56.961
7441.000 54.373
7442.000 52.332
7443.000 51.009
7444.000 48.889
7445.000 47.146
7446.000 45.098
7447.000 43.515
7448.000 41.855
7449.000 40.039
7450.000 38.314
7451.000 36.976
7452.000 35.616
7453.000 34.204
7454.000 32.887
7455.000 31.684
7456.000 31.086
7457.000 30.015
7458.000 29.157
7459.000 28.415
7460.000 27.858
7461.000 27.149
7462.000 26.553
7463.000 25.874
7464.000 25.312
7465.000 25.096
7466.000 24.524
7467.000 24.040
7468.000 23.703
7469.000 23.118
7470.000 22.341
7471.000 21.846
7472.000 21.472
7473.000 21.049
7474.000 20.670
7475.000 20.269
7476.000 19.872
7477.000 19.499
7478.000 19.087
7479.000 18.785
7480.000 18.461
7481.000 18.292
7482.000 17.976
7483.000 17.630
7484.000 17.332
7485.000 17.023
7486.000 16.815
7487.000 16.554
7488.000 16.271
7489.000 15.967
7490.000 15.733
7491.000 15.509
7492.000 15.405
7493.000 15.170
7494.000 14.947
7495.000 14.725
7496.000 14.532
7497.000 14.322
7498.000 14.136
7499.000 13.897
7500.000 13.737
7501.000 13.577
7502.000 13.377
7503.000 13.220
7504.000 13.125
7505.000 12.958
7506.000 12.799
7507.000 12.663
7508.000 12.508
7509.000 12.332
7510.000 12.175
7511.000 12.047
7512.000 11.919
7513.000 11.779
7514.000 11.679
7515.000 11.528
7516.000 11.425
7517.000 11.357
7518.000 11.208
7519.000 11.069
7520.000 10.965
7521.000 10.856
7522.000 10.744
7523.000 10.622
7524.000 10.513
7525.000 10.418
7526.000 10.325
7527.000 10.247
7528.000 10.157
7529.000 10.105
7530.000 10.001
7531.000 9.901
7532.000 9.813
7533.000 9.728
7534.000 9.624
7535.000 9.547
7536.000 9.475
7537.000 9.382
7538.000 9.293
7539.000 9.210
7540.000 9.187
7541.000 9.091
7542.000 9.028
7543.000 8.930
7544.000 8.928
7545.000 8.851
7546.000 8.791
7547.000 8.711
7548.000 8.580
7549.000 8.523
7550.000 8.493
