7351.000 16.151
7352.000 13.158
7353.000 13.323
7354.000 13.495
7355.000 13.695
7356.000 13.933
7357.000 14.138
7358.000 14.309
7359.000 14.498
7360.000 14.721
7361.000 15.005
7362.000 15.177
7363.000 15.405
7364.000 15.508
7365.000 15.730
7366.000 15.990
7367.000 16.274
7368.000 16.546
7369.000 16.834
7370.000 17.143
7371.000 17.437
7372.000 17.698
7373.000 18.070
7374.000 18.385
7375.000 18.761
7376.000 18.895
7377.000 19.309
7378.000 19.672
7379.000 20.097
7380.000 20.477
7381.000 20.897
7382.000 21.351
7383.000 21.795
7384.000 22.219
7385.000 22.696
7386.000 23.210
7387.000 23.790
7388.000 24.372
7389.000 24.630
7390.000 25.278
7391.000 25.968
7392.000 26.531
7393.000 27.235
7394.000 27.951
7395.000 28.774
7396.000 29.622
7397.000 30.518
7398.000 31.398
7399.000 32.248
7400.000 32.714
7401.000 33.643
7402.000 34.827
7403.000 35.835
7404.000 37.191
7405.000 37.841
7406.000 39.089
7407.000 40.424
7408.000 41.996
7409.000 43.525
7410.000 45.190
7411.000 48.041
7412.000 48.893
7413.000 50.470
7414.000 52.610
7415.000 54.601
7416.000 57.027
7417.000 59.143
7418.000 61.675
7419.000 64.055
7420.000 66.744
7421.000 69.188
7422.000 71.378
7423.000 73.733
7424.000 75.783
7425.000 76.796
7426.000 78.524
7427.000 80.040
7428.000 80.903
7429.000 81.331
7430.000 81.264
7431.000 80.560
7432.000 79.411
7433.000 77.904
7434.000 75.898
7435.000 73.749
7436.000 71.031
7437.000 68.457
7438.000 67.152
7439.000 64.501
7440.000 62.195
7441.000 59.794
7442.000 57.285
7443.000 54.916
7444.000 52.898
7445.000 51.107
7446.000 49.144
7447.000 47.451
7448.000 45.686
7449.000 44.738
7450.000 43.442
7451.000 41.565
7452.000 40.411
7453.000 38.700
7454.000 37.365
7455.000 36.250
7456.000 34.974
7457.000 33.747
7458.000 32.828
7459.000 31.856
7460.000 31.447
7461.000 31.093
7462.000 30.264
7463.000 29.625
7464.000 28.968
7465.000 28.102
7466.000 27.162
7467.000 26.487
7468.000 26.045
7469.000 25.394
7470.000 24.767
7471.000 24.216
7472.000 23.810
7473.000 23.249
7474.000 23.008
7475.000 22.624
7476.000 22.187
7477.000 21.666
7478.000 21.235
7479.000 20.864
7480.000 20.480
7481.000 20.132
7482.000 19.807
7483.000 19.416
7484.000 19.042
7485.000 18.785
7486.000 18.625
7487.000 18.345
7488.000 18.050
7489.000 17.771
7490.000 17.466
7491.000 17.239
7492.000 16.960
7493.000 16.653
7494.000 16.422
7495.000 16.142
7496.000 15.929
7497.000 15.814
7498.000 15.615
7499.000 15.414
7500.000 15.216
7501.000 14.986
7502.000 14.859
7503.000 14.592
7504.000 14.417
7505.000 14.210
7506.000 14.054
7507.000 13.943
7508.000 13.726
7509.000 13.557
7510.000 13.484
7511.000 13.329
7512.000 13.155
7513.000 13.013
7514.000 12.871
7515.000 12.745
7516.000 12.589
7517.000 12.451
7518.000 12.327
7519.000 12.187
7520.000 12.062
7521.000 11.950
7522.000 11.870
7523.000 11.745
7524.000 11.639
7525.000 11.521
7526.000 11.434
7527.000 11.271
7528.000 11.182
7529.000 11.088
7530.000 10.980
7531.000 10.899
7532.000 10.793
7533.000 10.685
7534.000 10.594
7535.000 10.565
7536.000 10.448
7537.000 10.359
7538.000 10.271
7539.000 10.161
7540.000 10.112
7541.000 10.014
7542.000 9.913
7543.000 9.844
7544.000 9.754
7545.000 9.694
7546.000 9.646
7547.000 9.555
7548.000 9.509
7549.000 9.412
7550.000 9.339
