110.000 2.399
120.000 1.865
130.000 1.922
140.000 1.715
150.000 1.531
160.000 2.952
170.000 1.399
180.000 2.039
190.000 1.820
200.000 1.928
210.000 2.011
220.000 2.145
230.000 2.282
240.000 1.283
250.000 3.587
260.000 2.740
270.000 2.666
280.000 3.470
290.000 2.801
300.000 2.929
310.000 3.309
320.000 3.296
330.000 3.674
340.000 3.736
350.000 3.532
360.000 3.881
370.000 3.755
380.000 4.272
390.000 4.989
400.000 5.174
410.000 5.440
420.000 6.130
430.000 6.726
440.000 7.588
450.000 7.624
460.000 8.400
470.000 8.486
480.000 8.706
490.000 8.708
500.000 8.712
510.000 8.252
520.000 7.799
530.000 7.470
540.000 6.737
550.000 6.542
560.000 5.962
570.000 5.596
580.000 5.004
590.000 4.748
600.000 4.612
610.000 4.226
620.000 3.996
630.000 3.736
640.000 3.572
650.000 3.435
660.000 3.135
670.000 3.115
680.000 2.913
690.000 2.755
700.000 2.676
710.000 2.469
720.000 2.421
730.000 2.368
740.000 2.233
750.000 2.178
760.000 2.148
770.000 2.073
780.000 1.943
790.000 1.885
800.000 1.830
810.000 1.803
820.000 1.713
830.000 1.658
840.000 1.612
850.000 1.514
860.000 1.498
870.000 1.454
880.000 1.427
890.000 1.330
900.000 1.376
910.000 1.304
920.000 1.226
930.000 1.210
940.000 1.140
950.000 1.155
960.000 1.290
970.000 1.369
980.000 1.379
990.000 1.445
1000.000 1.422
1010.000 1.528
1020.000 1.730
1030.000 1.649
1040.000 1.679
1050.000 1.709
1060.000 2.034
1070.000 2.154
1080.000 2.535
1090.000 2.733
1100.000 3.095
1110.000 4.351
1120.000 4.912
1130.000 7.072
1140.000 8.573
1150.000 12.948
1160.000 14.839
1170.000 13.061
1180.000 8.105
1190.000 7.265
1200.000 5.593
1210.000 4.682
1220.000 4.300
1230.000 3.860
1240.000 3.668
1250.000 3.341
1260.000 3.181
1270.000 3.083
1280.000 3.045
1290.000 2.901
1300.000 2.707
1310.000 2.658
1320.000 2.533
1330.000 2.505
1340.000 2.519
1350.000 2.335
1360.000 2.381
1370.000 2.441
1380.000 2.374
1390.000 2.344
1400.000 2.325
1410.000 2.336
1420.000 2.310
1430.000 2.329
1440.000 2.367
1450.000 2.337
1460.000 2.349
1470.000 2.347
1480.000 2.364
1490.000 2.364
1500.000 2.382
1510.000 2.399
1520.000 2.414
1530.000 2.408
1540.000 2.429
1550.000 2.453
1560.000 2.484
1570.000 2.537
1580.000 2.545
1590.000 2.542
1600.000 2.556
1610.000 2.565
1620.000 2.591
1630.000 2.597
1640.000 2.621
1650.000 2.628
1660.000 2.584
1670.000 2.603
1680.000 2.570
1690.000 2.500
1700.000 2.416
1710.000 2.320
1720.000 2.235
1730.000 2.152
1740.000 2.077
1750.000 2.035
1760.000 2.136
1770.000 2.271
1780.000 2.631
1790.000 2.830
1800.000 3.296
1810.000 3.781
1820.000 3.986
1830.000 4.430
1840.000 4.652
1850.000 5.049
1860.000 5.420
1870.000 5.605
1880.000 5.955
1890.000 6.138
1900.000 6.492
1910.000 6.865
1920.000 6.990
1930.000 7.402
1940.000 7.533
1950.000 7.822
1960.000 8.332
1970.000 8.396
1980.000 8.757
1990.000 9.011
2000.000 9.427
2010.000 9.783
2020.000 9.971
2030.000 10.332
2040.000 10.547
2050.000 11.011
2060.000 11.451
2070.000 11.707
2080.000 12.132
2090.000 12.375
2100.000 12.841
2110.000 13.358
2120.000 13.650
2130.000 14.161
2140.000 14.489
2150.000 15.119
2160.000 15.863
2170.000 16.217
2180.000 17.060
2190.000 17.558
2200.000 18.587
2210.000 19.841
2220.000 20.627
2230.000 22.257
2240.000 23.185
2250.000 25.314
2260.000 26.624
2270.000 29.468
2280.000 33.080
2290.000 35.103
2300.000 39.692
2310.000 42.152
2320.000 46.291
2330.000 48.092
2340.000 47.544
2350.000 43.637
2360.000 40.791
2370.000 34.679
2380.000 29.192
2390.000 26.813
2400.000 22.807
2410.000 21.158
2420.000 18.343
2430.000 16.105
2440.000 15.163
2450.000 13.501
2460.000 12.809
2470.000 11.547
2480.000 10.509
2490.000 10.041
2500.000 9.202
2510.000 8.873
2520.000 8.196
2530.000 7.629
2540.000 7.348
2550.000 6.873
2560.000 6.650
2570.000 6.255
2580.000 5.907
2590.000 5.735
2600.000 5.429
2610.000 5.302
2620.000 5.033
2630.000 4.797
2640.000 4.701
2650.000 4.509
2660.000 4.411
2670.000 4.232
2680.000 4.075
2690.000 3.995
2700.000 3.859
2710.000 3.803
2720.000 3.677
2730.000 3.575
2740.000 3.508
2750.000 3.399
2760.000 3.353
2770.000 3.274
2780.000 3.197
2790.000 3.156
2800.000 3.099
2810.000 3.050
2820.000 2.996
2830.000 2.955
2840.000 2.922
2850.000 2.869
2860.000 2.842
2870.000 2.809
2880.000 2.783
2890.000 2.743
2900.000 2.727
2910.000 2.719
2920.000 2.683
2930.000 2.675
2940.000 2.665
2950.000 2.638
2960.000 2.625
2970.000 2.620
2980.000 2.621
2990.000 2.607
3000.000 2.615
3010.000 2.627
3020.000 2.619
3030.000 2.627
3040.000 2.630
3050.000 2.659
3060.000 2.672
3070.000 2.688
3080.000 2.695
3090.000 2.715
3100.000 2.743
3110.000 2.776
3120.000 2.805
3130.000 2.828
3140.000 2.886
3150.000 2.943
3160.000 2.970
3170.000 3.049
3180.000 3.085
3190.000 3.165
3200.000 3.252
3210.000 3.311
3220.000 3.422
3230.000 3.498
3240.000 3.629
3250.000 3.778
3260.000 3.855
3270.000 4.059
3280.000 4.181
3290.000 4.405
3300.000 4.674
3310.000 4.850
3320.000 5.191
3330.000 5.390
3340.000 5.853
3350.000 6.435
3360.000 6.753
3370.000 7.564
3380.000 8.039
3390.000 9.231
3400.000 10.976
3410.000 12.048
3420.000 14.973
3430.000 16.995
3440.000 22.776
3450.000 32.093
3460.000 37.595
3470.000 41.917
3480.000 36.457
3490.000 23.425
3500.000 16.623
3510.000 14.455
3520.000 11.434
3530.000 10.345
3540.000 8.654
3550.000 7.437
3560.000 6.947
3570.000 6.128
3580.000 5.790
3590.000 5.211
3600.000 4.723
3610.000 4.538
3620.000 4.160
3630.000 3.997
3640.000 3.717
3650.000 3.475
3660.000 3.363
3670.000 3.165
3680.000 3.060
3690.000 2.894
3700.000 2.735
3710.000 2.663
3720.000 2.557
3730.000 2.494
3740.000 2.400
3750.000 2.287
3760.000 2.249
3770.000 2.152
3780.000 2.120
3790.000 2.064
3800.000 1.979
3810.000 1.957
3820.000 1.901
3830.000 1.871
3840.000 1.817
3850.000 1.762
3860.000 1.739
3870.000 1.696
3880.000 1.692
3890.000 1.646
3900.000 1.626
3910.000 1.600
3920.000 1.571
3930.000 1.561
3940.000 1.520
3950.000 1.491
3960.000 1.494
3970.000 1.480
3980.000 1.465
3990.000 1.451
4000.000 1.452
4010.000 1.431
4020.000 1.410
4030.000 1.414
4040.000 1.406
4050.000 1.406
4060.000 1.403
4070.000 1.377
4080.000 1.385
4090.000 1.381
4100.000 1.379
4110.000 1.390
4120.000 1.395
4130.000 1.390
4140.000 1.397
4150.000 1.401
4160.000 1.409
4170.000 1.410
4180.000 1.418
4190.000 1.441
4200.000 1.431
4210.000 1.466
4220.000 1.481
4230.000 1.490
4240.000 1.523
4250.000 1.531
4260.000 1.569
4270.000 1.588
4280.000 1.605
4290.000 1.661
4300.000 1.680
4310.000 1.705
4320.000 1.734
4330.000 1.737
4340.000 1.745
4350.000 1.753
4360.000 1.766
4370.000 1.812
4380.000 1.837
4390.000 1.915
4400.000 1.967
4410.000 2.086
4420.000 2.228
4430.000 2.311
4440.000 2.477
4450.000 2.572
4460.000 2.793
4470.000 3.042
4480.000 3.186
4490.000 3.528
4500.000 3.722
4510.000 4.215
4520.000 4.828
4530.000 5.220
4540.000 6.214
4550.000 6.835
4560.000 8.565
4570.000 11.305
4580.000 13.258
4590.000 19.330
4600.000 22.997
4610.000 27.569
4620.000 20.544
4630.000 16.727
4640.000 12.112
4650.000 10.642
4660.000 8.636
4670.000 7.335
4680.000 6.856
4690.000 6.095
4700.000 5.797
4710.000 5.297
4720.000 4.897
4730.000 4.739
4740.000 4.424
4750.000 4.288
4760.000 4.026
4770.000 3.775
4780.000 3.664
4790.000 3.413
4800.000 3.286
4810.000 3.031
4820.000 2.764
4830.000 2.639
4840.000 2.381
4850.000 2.272
4860.000 2.045
4870.000 1.841
4880.000 1.765
4890.000 1.621
4900.000 1.562
4910.000 1.489
4920.000 1.467
4930.000 1.477
4940.000 1.519
4950.000 1.556
4960.000 1.640
4970.000 1.774
4980.000 1.831
4990.000 1.998
5000.000 2.070
5010.000 2.243
5020.000 2.411
5030.000 2.512
5040.000 2.698
5050.000 2.797
5060.000 2.997
5070.000 3.204
5080.000 3.274
5090.000 3.460
5100.000 3.549
5110.000 3.700
5120.000 3.827
5130.000 3.889
5140.000 3.992
5150.000 4.031
5160.000 4.084
5170.000 4.112
5180.000 4.117
5190.000 4.124
5200.000 4.112
5210.000 4.071
5220.000 4.055
5230.000 4.004
5240.000 3.934
5250.000 3.868
5260.000 3.712
5270.000 3.574
5280.000 3.588
5290.000 3.744
5300.000 3.842
5310.000 3.969
5320.000 4.031
5330.000 4.110
5340.000 4.192
5350.000 4.238
5360.000 4.273
5370.000 4.303
5380.000 4.369
5390.000 4.409
5400.000 4.450
5410.000 4.493
5420.000 4.521
5430.000 4.574
5440.000 4.660
5450.000 4.694
5460.000 4.776
5470.000 4.824
5480.000 4.915
5490.000 5.045
5500.000 5.123
5510.000 5.259
5520.000 5.334
5530.000 5.516
5540.000 5.727
5550.000 5.845
5560.000 6.111
5570.000 6.260
5580.000 6.576
5590.000 6.976
5600.000 7.180
5610.000 7.698
5620.000 7.974
5630.000 8.633
5640.000 9.432
5650.000 9.913
5660.000 11.047
5670.000 11.722
5680.000 13.416
5690.000 15.662
5700.000 17.135
5710.000 21.134
5720.000 23.857
5730.000 31.730
5740.000 43.991
5750.000 51.208
5760.000 57.522
5770.000 50.987
5780.000 32.586
5790.000 23.260
5800.000 20.284
5810.000 16.039
5820.000 14.449
5830.000 12.113
5840.000 10.345
5850.000 9.651
5860.000 8.520
5870.000 8.056
5880.000 7.255
5890.000 6.593
5900.000 6.302
5910.000 5.801
5920.000 5.601
5930.000 5.199
5940.000 4.878
5950.000 4.706
5960.000 4.434
5970.000 4.316
5980.000 4.089
5990.000 3.879
6000.000 3.788
6010.000 3.610
6020.000 3.512
6030.000 3.390
6040.000 3.252
6050.000 3.198
6060.000 3.084
6070.000 3.042
6080.000 2.941
6090.000 2.839
6100.000 2.808
6110.000 2.734
6120.000 2.700
6130.000 2.637
6140.000 2.569
6150.000 2.544
6160.000 2.494
6170.000 2.463
6180.000 2.422
6190.000 2.390
6200.000 2.364
6210.000 2.339
6220.000 2.317
6230.000 2.282
6240.000 2.262
6250.000 2.261
6260.000 2.222
6270.000 2.219
6280.000 2.198
6290.000 2.175
6300.000 2.171
6310.000 2.172
6320.000 2.150
6330.000 2.164
6340.000 2.150
6350.000 2.145
6360.000 2.153
6370.000 2.158
6380.000 2.159
6390.000 2.162
6400.000 2.188
6410.000 2.188
6420.000 2.202
6430.000 2.221
6440.000 2.227
6450.000 2.252
6460.000 2.275
6470.000 2.285
6480.000 2.309
6490.000 2.331
6500.000 2.382
6510.000 2.407
6520.000 2.434
6530.000 2.482
6540.000 2.502
6550.000 2.569
6560.000 2.624
6570.000 2.665
6580.000 2.728
6590.000 2.749
6600.000 2.838
6610.000 2.926
6620.000 2.990
6630.000 3.087
6640.000 3.150
6650.000 3.279
6660.000 3.423
6670.000 3.508
6680.000 3.677
6690.000 3.777
6700.000 3.973
6710.000 4.221
6720.000 4.333
6730.000 4.623
6740.000 4.798
6750.000 5.164
6760.000 5.593
6770.000 5.852
6780.000 6.433
6790.000 6.769
6800.000 7.535
6810.000 8.550
6820.000 9.159
6830.000 10.781
6840.000 11.788
6850.000 14.467
6860.000 18.554
6870.000 21.449
6880.000 29.731
6890.000 35.100
6900.000 43.610
6910.000 35.860
6920.000 29.394
6930.000 20.265
6940.000 17.441
6950.000 13.563
6960.000 11.068
6970.000 10.061
6980.000 8.619
6990.000 8.044
7000.000 7.097
7010.000 6.346
7020.000 6.008
7030.000 5.468
7040.000 5.243
7050.000 4.826
7060.000 4.486
7070.000 4.329
7080.000 4.058
7090.000 3.934
7100.000 3.730
7110.000 3.515
7120.000 3.425
7130.000 3.245
7140.000 3.184
7150.000 3.048
7160.000 2.907
7170.000 2.850
7180.000 2.737
7190.000 2.687
7200.000 2.596
7210.000 2.495
7220.000 2.467
7230.000 2.400
7240.000 2.366
7250.000 2.313
7260.000 2.258
7270.000 2.218
7280.000 2.171
7290.000 2.155
7300.000 2.102
7310.000 2.072
7320.000 2.042
7330.000 2.017
7340.000 2.015
7350.000 1.970
7360.000 1.947
7370.000 1.936
7380.000 1.910
7390.000 1.905
7400.000 1.870
7410.000 1.866
7420.000 1.854
7430.000 1.828
7440.000 1.830
7450.000 1.793
7460.000 1.779
7470.000 1.771
7480.000 1.754
7490.000 1.764
7500.000 1.822
7510.000 1.967
7520.000 2.000
7530.000 2.019
7540.000 2.019
7550.000 2.030
7560.000 2.028
7570.000 2.038
7580.000 2.040
7590.000 2.051
7600.000 2.074
7610.000 2.081
7620.000 2.092
7630.000 2.112
7640.000 2.142
7650.000 2.161
7660.000 2.192
7670.000 2.228
7680.000 2.268
7690.000 2.289
7700.000 2.330
7710.000 2.362
7720.000 2.426
7730.000 2.486
7740.000 2.522
7750.000 2.595
7760.000 2.622
7770.000 2.716
7780.000 2.821
7790.000 2.862
7800.000 2.985
7810.000 3.044
7820.000 3.167
7830.000 3.335
7840.000 3.413
7850.000 3.601
7860.000 3.706
7870.000 3.934
7880.000 4.193
7890.000 4.366
7900.000 4.699
7910.000 4.894
7920.000 5.328
7930.000 5.860
7940.000 6.151
7950.000 6.853
7960.000 7.336
7970.000 8.529
7980.000 10.045
7990.000 11.004
8000.000 13.670
8010.000 15.449
8020.000 20.371
8030.000 27.273
8040.000 31.573
8050.000 36.686
8060.000 34.002
8070.000 23.451
8080.000 16.691
8090.000 14.544
8100.000 11.534
8110.000 10.461
8120.000 8.758
8130.000 7.538
8140.000 7.041
8150.000 6.239
8160.000 5.858
8170.000 5.291
8180.000 4.836
8190.000 4.639
8200.000 4.302
8210.000 4.158
8220.000 3.864
8230.000 3.633
8240.000 3.540
8250.000 3.375
8260.000 3.303
8270.000 3.131
8280.000 2.917
8290.000 2.812
8300.000 2.681
8310.000 2.626
8320.000 2.535
8330.000 2.436
8340.000 2.411
8350.000 2.329
8360.000 2.301
8370.000 2.233
8380.000 2.166
8390.000 2.143
8400.000 2.085
8410.000 2.068
8420.000 2.026
8430.000 1.979
8440.000 1.954
8450.000 1.911
8460.000 1.898
8470.000 1.870
8480.000 1.836
8490.000 1.824
8500.000 1.801
8510.000 1.787
8520.000 1.778
8530.000 1.757
8540.000 1.743
8550.000 1.727
8560.000 1.717
8570.000 1.711
8580.000 1.707
8590.000 1.691
8600.000 1.687
8610.000 1.692
8620.000 1.677
8630.000 1.677
8640.000 1.676
8650.000 1.663
8660.000 1.664
8670.000 1.680
8680.000 1.733
8690.000 1.732
8700.000 1.737
8710.000 1.736
8720.000 1.754
8730.000 1.754
8740.000 1.767
8750.000 1.792
8760.000 1.798
8770.000 1.810
8780.000 1.834
8790.000 1.872
8800.000 1.894
8810.000 1.906
8820.000 1.945
8830.000 1.956
8840.000 2.004
8850.000 2.040
8860.000 2.082
8870.000 2.132
8880.000 2.149
8890.000 2.223
8900.000 2.298
8910.000 2.324
8920.000 2.395
8930.000 2.446
8940.000 2.535
8950.000 2.647
8960.000 2.700
8970.000 2.827
8980.000 2.891
8990.000 3.043
9000.000 3.217
9010.000 3.304
9020.000 3.516
9030.000 3.647
9040.000 3.900
9050.000 4.223
9060.000 4.405
9070.000 4.836
9080.000 5.074
9090.000 5.632
9100.000 6.369
9110.000 6.800
9120.000 7.905
9130.000 8.590
9140.000 10.504
9150.000 13.191
9160.000 15.031
9170.000 19.934
9180.000 22.956
9190.000 28.108
9200.000 25.581
9210.000 21.549
9220.000 15.590
9230.000 13.494
9240.000 10.540
9250.000 8.567
9260.000 7.827
9270.000 6.672
9280.000 6.215
9290.000 5.455
9300.000 4.880
9310.000 4.628
9320.000 4.186
9330.000 4.015
9340.000 3.688
9350.000 3.520
9360.000 3.275
9370.000 3.077
9380.000 2.968
9390.000 2.783
9400.000 2.702
9410.000 2.567
9420.000 2.444
9430.000 2.390
9440.000 2.278
9450.000 2.219
9460.000 2.134
9470.000 2.058
9480.000 2.021
9490.000 1.947
9500.000 1.918
9510.000 1.852
9520.000 1.797
9530.000 1.765
9540.000 1.721
9550.000 1.710
9560.000 1.665
9570.000 1.627
9580.000 1.607
9590.000 1.566
9600.000 1.548
9610.000 1.518
9620.000 1.503
9630.000 1.486
9640.000 1.461
9650.000 1.446
9660.000 1.429
9670.000 1.401
9680.000 1.392
9690.000 1.376
9700.000 1.379
9710.000 1.377
9720.000 1.349
9730.000 1.340
9740.000 1.337
9750.000 1.325
9760.000 1.332
9770.000 1.325
9780.000 1.310
9790.000 1.296
9800.000 1.281
9810.000 1.260
9820.000 1.286
9830.000 1.289
9840.000 1.297
9850.000 1.304
9860.000 1.308
9870.000 1.317
9880.000 1.330
9890.000 1.341
9900.000 1.351
9910.000 1.357
9920.000 1.377
9930.000 1.392
9940.000 1.411
9950.000 1.404
9960.000 1.440
9970.000 1.465
9980.000 1.469
9990.000 1.500
10000.000 1.517
10010.000 1.551
10020.000 1.609
10030.000 1.616
10040.000 1.662
10050.000 1.692
10060.000 1.747
10070.000 1.798
10080.000 1.839
10090.000 1.903
10100.000 1.945
10110.000 2.025
10120.000 2.116
10130.000 2.167
10140.000 2.279
10150.000 2.334
10160.000 2.488
10170.000 2.639
10180.000 2.740
10190.000 2.944
10200.000 3.056
10210.000 3.329
10220.000 3.646
10230.000 3.833
10240.000 4.316
10250.000 4.898
10260.000 5.250
10270.000 6.120
10280.000 6.688
10290.000 8.016
10300.000 8.964
10310.000 11.541
10320.000 15.254
10330.000 17.197
10340.000 19.283
10350.000 18.216
10360.000 13.538
10370.000 9.973
10380.000 8.734
10390.000 6.946
10400.000 6.271
10410.000 5.262
10420.000 4.501
10430.000 4.219
10440.000 3.736
10450.000 3.524
10460.000 3.191
10470.000 2.908
10480.000 2.790
10490.000 2.575
10500.000 2.487
10510.000 2.357
10520.000 2.303
10530.000 2.270
10540.000 2.147
10550.000 2.050
10560.000 1.950
10570.000 1.884
10580.000 1.789
10590.000 1.700
10600.000 1.675
10610.000 1.602
10620.000 1.574
10630.000 1.517
10640.000 1.461
10650.000 1.429
10660.000 1.384
10670.000 1.370
10680.000 1.330
10690.000 1.304
10700.000 1.278
10710.000 1.251
10720.000 1.236
10730.000 1.200
10740.000 1.183
10750.000 1.179
10760.000 1.133
10770.000 1.134
10780.000 1.121
10790.000 1.096
10800.000 1.092
10810.000 1.071
10820.000 1.067
10830.000 1.051
10840.000 1.046
10850.000 1.032
10860.000 1.027
10870.000 1.023
10880.000 1.018
10890.000 1.007
10900.000 1.004
10910.000 1.007
10920.000 0.999
10930.000 0.993
10940.000 0.996
10950.000 1.006
10960.000 0.998
10970.000 1.005
10980.000 1.014
10990.000 1.009
11000.000 1.001
11010.000 1.018
11020.000 1.004
11030.000 1.019
11040.000 1.037
11050.000 1.028
11060.000 1.053
11070.000 1.062
11080.000 1.065
11090.000 1.090
11100.000 1.102
11110.000 1.118
11120.000 1.126
11130.000 1.150
11140.000 1.173
11150.000 1.191
11160.000 1.221
11170.000 1.228
11180.000 1.258
11190.000 1.295
11200.000 1.313
11210.000 1.358
11220.000 1.386
11230.000 1.431
11240.000 1.489
11250.000 1.535
11260.000 1.591
11270.000 1.636
11280.000 1.727
11290.000 1.825
11300.000 1.872
11310.000 1.993
11320.000 2.062
11330.000 2.238
11340.000 2.414
11350.000 2.515
11360.000 2.730
11370.000 2.865
11380.000 3.170
11390.000 3.583
11400.000 3.822
11410.000 4.430
11420.000 4.786
11430.000 5.740
11440.000 7.096
11450.000 7.981
11460.000 10.183
11470.000 11.440
11480.000 13.214
11490.000 11.957
11500.000 10.403
11510.000 7.871
11520.000 6.893
11530.000 5.496
11540.000 4.547
11550.000 4.176
11560.000 3.571
11570.000 3.341
11580.000 2.969
11590.000 2.671
11600.000 2.537
11610.000 2.291
11620.000 2.205
11630.000 2.019
11640.000 1.856
11650.000 1.800
11660.000 1.668
11670.000 1.619
11680.000 1.528
11690.000 1.439
11700.000 1.398
11710.000 1.340
11720.000 1.302
11730.000 1.233
11740.000 1.215
11750.000 1.162
11760.000 1.121
11770.000 1.097
11780.000 1.054
11790.000 1.046
11800.000 1.003
11810.000 0.972
11820.000 0.969
11830.000 0.935
11840.000 0.925
11850.000 0.904
11860.000 0.886
11870.000 0.860
11880.000 0.853
11890.000 0.845
11900.000 0.826
11910.000 0.818
11920.000 0.802
11930.000 0.796
11940.000 0.795
11950.000 0.777
11960.000 0.770
11970.000 0.769
11980.000 0.764
11990.000 0.747
12000.000 0.745
