110.000 0.354
120.000 0.568
130.000 0.410
140.000 0.642
150.000 0.633
160.000 0.919
170.000 3.755
180.000 3.414
190.000 1.390
200.000 1.880
210.000 4.677
220.000 1.671
230.000 1.496
240.000 1.746
250.000 2.008
260.000 10.286
270.000 3.863
280.000 2.986
290.000 3.916
300.000 5.823
310.000 7.768
320.000 12.065
330.000 15.736
340.000 27.537
350.000 29.894
360.000 14.677
370.000 10.111
380.000 10.162
390.000 8.019
400.000 11.522
410.000 12.939
420.000 8.030
430.000 7.725
440.000 8.589
450.000 8.378
460.000 9.613
470.000 8.559
480.000 8.486
490.000 8.022
500.000 8.741
510.000 7.780
520.000 8.312
530.000 7.230
540.000 6.883
550.000 7.102
560.000 6.661
570.000 7.056
580.000 6.797
590.000 7.241
600.000 7.282
610.000 7.934
620.000 9.595
630.000 10.275
640.000 13.872
650.000 16.892
660.000 28.682
670.000 37.523
680.000 33.153
690.000 11.985
700.000 8.285
710.000 5.881
720.000 4.832
730.000 3.945
740.000 3.192
750.000 2.987
760.000 2.452
770.000 2.211
780.000 1.972
790.000 1.803
800.000 1.674
810.000 1.551
820.000 1.423
830.000 1.284
840.000 1.361
850.000 1.177
860.000 1.146
870.000 1.153
880.000 1.096
890.000 1.079
900.000 1.145
910.000 1.115
920.000 1.190
930.000 1.430
940.000 1.821
950.000 1.624
960.000 1.906
970.000 2.549
980.000 3.983
990.000 7.186
1000.000 8.525
1010.000 3.368
1020.000 2.668
1030.000 1.610
1040.000 1.344
1050.000 1.014
1060.000 0.815
1070.000 0.804
1080.000 0.764
1090.000 0.671
1100.000 0.636
1110.000 0.617
1120.000 0.595
1130.000 0.577
1140.000 0.655
1150.000 0.632
1160.000 0.652
1170.000 0.649
1180.000 0.708
1190.000 0.756
1200.000 0.801
1210.000 0.889
1220.000 0.969
1230.000 1.119
1240.000 1.276
1250.000 1.429
1260.000 1.839
1270.000 1.983
1280.000 2.693
1290.000 3.915
1300.000 4.906
1310.000 8.693
1320.000 11.964
1330.000 13.023
1340.000 5.558
1350.000 4.340
1360.000 3.268
1370.000 2.996
1380.000 2.561
1390.000 2.299
1400.000 2.111
1410.000 1.989
1420.000 1.938
1430.000 1.866
1440.000 1.964
1450.000 1.852
1460.000 1.814
1470.000 1.825
1480.000 1.874
1490.000 1.938
1500.000 1.987
1510.000 2.095
1520.000 2.188
1530.000 2.343
1540.000 2.599
1550.000 2.742
1560.000 3.085
1570.000 3.312
1580.000 3.957
1590.000 4.840
1600.000 5.501
1610.000 7.466
1620.000 8.797
1630.000 13.413
1640.000 20.430
1650.000 22.601
1660.000 14.818
1670.000 11.128
1680.000 7.587
1690.000 5.743
1700.000 5.125
1710.000 4.145
1720.000 3.757
1730.000 3.126
1740.000 2.698
1750.000 2.495
1760.000 2.338
1770.000 2.377
1780.000 2.521
1790.000 2.868
1800.000 3.058
1810.000 3.470
1820.000 3.694
1830.000 4.206
1840.000 4.742
1850.000 5.020
1860.000 5.633
1870.000 5.981
1880.000 6.832
1890.000 7.461
1900.000 8.636
1910.000 10.388
1920.000 11.509
1930.000 14.499
1940.000 16.663
1950.000 22.054
1960.000 30.102
1970.000 34.495
1980.000 35.773
1990.000 31.800
2000.000 23.362
2010.000 17.689
2020.000 15.847
2030.000 13.268
2040.000 12.190
2050.000 10.726
2060.000 9.594
2070.000 9.072
2080.000 8.411
2090.000 8.173
2100.000 7.696
2110.000 7.392
2120.000 7.268
2130.000 7.078
2140.000 6.997
2150.000 6.904
2160.000 6.933
2170.000 6.955
2180.000 7.094
2190.000 7.172
2200.000 7.461
2210.000 7.872
2220.000 8.151
2230.000 8.849
2240.000 9.292
2250.000 10.514
2260.000 12.242
2270.000 13.469
2280.000 16.817
2290.000 19.206
2300.000 25.865
2310.000 33.285
2320.000 34.150
2330.000 25.614
2340.000 20.738
2350.000 14.641
2360.000 11.140
2370.000 9.980
2380.000 8.257
2390.000 7.613
2400.000 6.636
2410.000 5.925
2420.000 5.643
2430.000 5.168
2440.000 4.981
2450.000 4.686
2460.000 4.481
2470.000 4.413
2480.000 4.336
2490.000 4.329
2500.000 4.296
2510.000 4.382
2520.000 4.453
2530.000 4.624
2540.000 4.759
2550.000 5.094
2560.000 5.587
2570.000 5.917
2580.000 6.808
2590.000 7.426
2600.000 9.160
2610.000 12.057
2620.000 14.358
2630.000 21.584
2640.000 26.423
2650.000 29.073
2660.000 15.680
2670.000 12.521
2680.000 8.857
2690.000 7.686
2700.000 6.132
2710.000 5.145
2720.000 4.773
2730.000 4.193
2740.000 3.962
2750.000 3.617
2760.000 3.375
2770.000 3.264
2780.000 3.087
2790.000 3.055
2800.000 2.969
2810.000 2.945
2820.000 2.962
2830.000 2.992
2840.000 3.014
2850.000 3.133
2860.000 3.285
2870.000 3.408
2880.000 3.698
2890.000 3.873
2900.000 4.390
2910.000 5.164
2920.000 5.669
2930.000 7.175
2940.000 8.350
2950.000 12.119
2960.000 19.088
2970.000 23.160
2980.000 19.631
2990.000 12.858
3000.000 8.111
3010.000 5.932
3020.000 5.209
3030.000 4.285
3040.000 3.883
3050.000 3.374
3060.000 3.193
3070.000 2.857
3080.000 2.631
3090.000 2.564
3100.000 2.419
3110.000 2.373
3120.000 2.305
3130.000 2.263
3140.000 2.258
3150.000 2.265
3160.000 2.293
3170.000 2.360
3180.000 2.463
3190.000 2.521
3200.000 2.713
3210.000 2.843
3220.000 3.159
3230.000 3.639
3240.000 3.945
3250.000 4.829
3260.000 5.477
3270.000 7.497
3280.000 11.424
3290.000 14.538
3300.000 20.298
3310.000 17.957
3320.000 8.781
3330.000 5.861
3340.000 5.033
3350.000 3.947
3360.000 3.584
3370.000 3.021
3380.000 2.660
3390.000 2.510
3400.000 2.298
3410.000 2.215
3420.000 2.081
3430.000 1.967
3440.000 1.940
3450.000 1.909
3460.000 1.883
3470.000 1.874
3480.000 1.891
3490.000 1.926
3500.000 2.002
3510.000 2.037
3520.000 2.183
3530.000 2.327
3540.000 2.475
3550.000 2.768
3560.000 2.982
3570.000 3.515
3580.000 4.388
3590.000 5.007
3600.000 7.031
3610.000 8.696
3620.000 13.919
3630.000 16.588
3640.000 11.913
3650.000 6.412
3660.000 5.281
3670.000 3.938
3680.000 3.141
3690.000 2.879
3700.000 2.468
3710.000 2.311
3720.000 2.083
3730.000 1.900
3740.000 1.844
3750.000 1.738
3760.000 1.694
3770.000 1.620
3780.000 1.600
3790.000 1.596
3800.000 1.612
3810.000 1.604
3820.000 1.639
3830.000 1.698
3840.000 1.765
3850.000 1.877
3860.000 1.954
3870.000 2.143
3880.000 2.428
3890.000 2.608
3900.000 3.136
3910.000 3.496
3920.000 4.590
3930.000 6.715
3940.000 8.411
3950.000 13.138
3960.000 14.324
3970.000 7.909
3980.000 4.845
3990.000 4.068
4000.000 3.089
4010.000 2.784
4020.000 2.328
4030.000 2.003
4040.000 1.883
4050.000 1.705
4060.000 1.626
4070.000 1.499
4080.000 1.433
4090.000 1.413
4100.000 1.351
4110.000 1.349
4120.000 1.323
4130.000 1.341
4140.000 1.358
4150.000 1.394
4160.000 1.427
4170.000 1.484
4180.000 1.583
4190.000 1.665
4200.000 1.857
4210.000 1.979
4220.000 2.312
4230.000 2.559
4240.000 3.216
4250.000 4.349
4260.000 5.276
4270.000 8.277
4280.000 10.342
4290.000 11.240
4300.000 5.598
4310.000 4.443
4320.000 3.139
4330.000 2.740
4340.000 2.166
4350.000 1.774
4360.000 1.634
4370.000 1.423
4380.000 1.358
4390.000 1.247
4400.000 1.182
4410.000 1.139
4420.000 1.119
4430.000 1.102
4440.000 1.103
4450.000 1.107
4460.000 1.106
4470.000 1.151
4480.000 1.176
4490.000 1.228
4500.000 1.308
4510.000 1.377
4520.000 1.505
4530.000 1.614
4540.000 1.843
4550.000 2.216
4560.000 2.469
4570.000 3.197
4580.000 3.730
4590.000 5.535
4600.000 8.814
4610.000 10.550
4620.000 9.028
4630.000 6.243
4640.000 4.115
4650.000 3.112
4660.000 2.798
4670.000 2.387
4680.000 2.249
4690.000 2.025
4700.000 1.860
4710.000 1.825
4720.000 1.740
4730.000 1.714
4740.000 1.687
4750.000 1.673
4760.000 1.675
4770.000 1.680
4780.000 1.667
4790.000 1.685
4800.000 1.712
4810.000 1.711
4820.000 1.755
4830.000 1.780
4840.000 1.824
4850.000 1.903
4860.000 1.960
4870.000 2.119
4880.000 2.240
4890.000 2.615
4900.000 3.330
4910.000 3.898
4920.000 5.863
4930.000 7.415
4940.000 10.552
4950.000 7.562
4960.000 5.840
4970.000 4.345
4980.000 3.954
4990.000 3.434
5000.000 3.173
5010.000 3.098
5020.000 3.010
5030.000 2.989
5040.000 3.003
5050.000 3.056
5060.000 3.092
5070.000 3.195
5080.000 3.252
5090.000 3.385
5100.000 3.533
5110.000 3.609
5120.000 3.791
5130.000 3.872
5140.000 4.030
5150.000 4.121
5160.000 4.095
5170.000 4.029
5180.000 4.155
5190.000 4.874
5200.000 6.082
5210.000 6.891
5220.000 9.006
5230.000 10.471
5240.000 14.603
5250.000 21.679
5260.000 26.406
5270.000 34.483
5280.000 31.287
5290.000 17.606
5300.000 11.863
5310.000 10.234
5320.000 7.959
5330.000 7.155
5340.000 6.021
5350.000 5.243
5360.000 4.933
5370.000 4.462
5380.000 4.290
5390.000 3.969
5400.000 3.764
5410.000 3.679
5420.000 3.557
5430.000 3.518
5440.000 3.470
5450.000 3.468
5460.000 3.515
5470.000 3.607
5480.000 3.683
5490.000 3.876
5500.000 4.005
5510.000 4.377
5520.000 4.885
5530.000 5.225
5540.000 6.156
5550.000 6.802
5560.000 8.721
5570.000 12.125
5580.000 14.747
5590.000 22.342
5600.000 25.402
5610.000 18.900
5620.000 10.712
5630.000 8.858
5640.000 6.591
5650.000 5.852
5660.000 4.812
5670.000 4.112
5680.000 3.851
5690.000 3.442
5700.000 3.289
5710.000 3.044
5720.000 2.864
5730.000 2.789
5740.000 2.687
5750.000 2.663
5760.000 2.630
5770.000 2.622
5780.000 2.651
5790.000 2.708
5800.000 2.744
5810.000 2.888
5820.000 3.072
5830.000 3.202
5840.000 3.499
5850.000 3.711
5860.000 4.249
5870.000 5.076
5880.000 5.672
5890.000 7.345
5900.000 8.660
5910.000 12.799
5920.000 19.323
5930.000 20.758
5940.000 12.952
5950.000 9.851
5960.000 6.758
5970.000 5.175
5980.000 4.637
5990.000 3.875
6000.000 3.598
6010.000 3.162
6020.000 2.990
6030.000 2.734
6040.000 2.561
6050.000 2.483
6060.000 2.384
6070.000 2.344
6080.000 2.295
6090.000 2.282
6100.000 2.289
6110.000 2.306
6120.000 2.347
6130.000 2.426
6140.000 2.573
6150.000 2.649
6160.000 2.884
6170.000 3.220
6180.000 3.428
6190.000 3.984
6200.000 4.351
6210.000 5.430
6220.000 7.279
6230.000 8.658
6240.000 13.058
6250.000 15.957
6260.000 17.591
6270.000 9.959
6280.000 7.951
6290.000 5.653
6300.000 4.948
6310.000 4.002
6320.000 3.390
6330.000 3.176
6340.000 2.821
6350.000 2.690
6360.000 2.470
6370.000 2.324
6380.000 2.272
6390.000 2.185
6400.000 2.168
6410.000 2.135
6420.000 2.137
6430.000 2.130
6440.000 2.165
6450.000 2.204
6460.000 2.309
6470.000 2.443
6480.000 2.553
6490.000 2.787
6500.000 2.949
6510.000 3.336
6520.000 3.931
6530.000 4.334
6540.000 5.500
6550.000 6.330
6560.000 8.989
6570.000 13.641
6580.000 16.122
6590.000 15.122
6600.000 11.198
6610.000 6.847
6620.000 5.804
6630.000 4.467
6640.000 3.664
6650.000 3.377
6660.000 2.955
6670.000 2.768
6680.000 2.525
6690.000 2.337
6700.000 2.279
6710.000 2.169
6720.000 2.136
6730.000 2.078
6740.000 2.068
6750.000 2.062
6760.000 2.075
6770.000 2.113
6780.000 2.173
6790.000 2.293
6800.000 2.362
6810.000 2.540
6820.000 2.662
6830.000 2.955
6840.000 3.398
6850.000 3.708
6860.000 4.515
6870.000 5.085
6880.000 6.833
6890.000 9.875
6900.000 12.275
6910.000 15.981
6920.000 14.666
6930.000 8.479
6940.000 5.776
6950.000 4.981
6960.000 3.943
6970.000 3.582
6980.000 3.048
6990.000 2.686
7000.000 2.540
7010.000 2.320
7020.000 2.231
7030.000 2.116
7040.000 2.025
7050.000 1.982
7060.000 1.936
7070.000 1.929
7080.000 1.927
7090.000 1.949
7100.000 1.979
7110.000 2.047
7120.000 2.106
7130.000 2.236
7140.000 2.408
7150.000 2.535
7160.000 2.823
7170.000 3.034
7180.000 3.543
7190.000 4.343
7200.000 5.021
7210.000 6.784
7220.000 8.154
7230.000 12.132
7240.000 14.130
7250.000 12.737
7260.000 7.431
7270.000 6.100
7280.000 4.503
7290.000 4.012
7300.000 3.297
7310.000 2.830
7320.000 2.651
7330.000 2.378
7340.000 2.273
7350.000 2.105
7360.000 1.975
7370.000 1.943
7380.000 1.876
7390.000 1.837
7400.000 1.821
7410.000 1.820
7420.000 1.814
7430.000 1.863
7440.000 1.889
7450.000 1.970
7460.000 2.078
7470.000 2.143
7480.000 2.401
7490.000 2.610
7500.000 3.225
7510.000 3.883
7520.000 4.314
7530.000 5.499
7540.000 6.377
7550.000 8.899
7560.000 12.970
7570.000 14.640
7580.000 11.712
7590.000 8.773
7600.000 5.851
7610.000 4.393
7620.000 3.922
7630.000 3.227
7640.000 2.969
7650.000 2.621
7660.000 2.341
7670.000 2.248
7680.000 2.093
7690.000 2.036
7700.000 1.950
7710.000 1.893
7720.000 1.869
7730.000 1.858
7740.000 1.866
7750.000 1.890
7760.000 1.931
7770.000 1.967
7780.000 2.081
7790.000 2.139
7800.000 2.332
7810.000 2.579
7820.000 2.750
7830.000 3.162
7840.000 3.457
7850.000 4.258
7860.000 5.658
7870.000 6.699
7880.000 9.781
7890.000 11.655
7900.000 12.764
7910.000 7.695
7920.000 6.061
7930.000 4.299
7940.000 3.903
7950.000 3.497
7960.000 3.024
7970.000 2.811
7980.000 2.492
7990.000 2.344
8000.000 2.126
8010.000 1.980
8020.000 1.940
8030.000 1.851
8040.000 1.829
8050.000 1.808
8060.000 1.822
8070.000 1.831
8080.000 1.845
8090.000 1.879
8100.000 1.933
8110.000 2.039
8120.000 2.099
8130.000 2.300
8140.000 2.445
8150.000 2.761
8160.000 3.250
8170.000 3.568
8180.000 4.341
8190.000 4.809
8200.000 6.484
8210.000 9.456
8220.000 11.234
8230.000 11.877
8240.000 9.504
8250.000 5.814
8260.000 4.297
8270.000 3.994
8280.000 3.397
8290.000 3.080
8300.000 2.651
8310.000 2.330
8320.000 2.218
8330.000 2.057
8340.000 1.978
8350.000 1.869
8360.000 1.794
8370.000 1.764
8380.000 1.733
8390.000 1.728
8400.000 1.734
8410.000 1.751
8420.000 1.805
8430.000 1.870
8440.000 1.916
8450.000 2.069
8460.000 2.163
8470.000 2.378
8480.000 2.702
8490.000 2.907
8500.000 3.445
8510.000 3.823
8520.000 4.928
8530.000 6.752
8540.000 8.158
8550.000 11.367
8560.000 12.097
8570.000 8.461
8580.000 5.495
8590.000 4.682
8600.000 3.599
8610.000 3.261
8620.000 2.736
8630.000 2.390
8640.000 2.255
8650.000 2.054
8660.000 1.977
8670.000 1.838
8680.000 1.744
8690.000 1.707
8700.000 1.669
8710.000 1.638
8720.000 1.625
8730.000 1.673
8740.000 1.699
8750.000 1.752
8760.000 1.762
8770.000 1.874
8780.000 2.000
8790.000 2.097
8800.000 2.319
8810.000 2.472
8820.000 2.847
8830.000 3.433
8840.000 3.832
8850.000 4.980
8860.000 5.839
8870.000 8.327
8880.000 11.109
8890.000 11.345
8900.000 7.767
8910.000 6.208
8920.000 4.396
8930.000 3.380
8940.000 3.049
8950.000 2.577
8960.000 2.409
8970.000 2.143
8980.000 1.954
8990.000 1.879
9000.000 1.758
9010.000 1.720
9020.000 1.624
9030.000 1.575
9040.000 1.561
9050.000 1.566
9060.000 1.578
9070.000 1.610
9080.000 1.668
9090.000 1.703
9100.000 1.800
9110.000 1.880
9120.000 2.056
9130.000 2.309
9140.000 2.470
9150.000 2.905
9160.000 3.190
9170.000 3.988
9180.000 5.272
9190.000 6.240
9200.000 8.831
9210.000 9.983
9220.000 9.033
9230.000 5.672
9240.000 4.715
9250.000 3.490
9260.000 3.106
9270.000 2.560
9280.000 2.208
9290.000 2.066
9300.000 1.855
9310.000 1.772
9320.000 1.635
9330.000 1.542
9340.000 1.505
9350.000 1.486
9360.000 1.472
9370.000 1.447
9380.000 1.446
9390.000 1.466
9400.000 1.478
9410.000 1.511
9420.000 1.573
9430.000 1.673
9440.000 1.751
9450.000 1.910
9460.000 2.017
9470.000 2.292
9480.000 2.703
9490.000 2.976
9500.000 3.748
9510.000 4.289
9520.000 5.885
9530.000 8.172
9540.000 9.185
9550.000 8.058
9560.000 6.349
9570.000 4.310
9580.000 3.636
9590.000 2.851
9600.000 2.364
9610.000 2.178
9620.000 1.912
9630.000 1.807
9640.000 1.651
9650.000 1.545
9660.000 1.497
9670.000 1.419
9680.000 1.399
9690.000 1.363
9700.000 1.330
9710.000 1.326
9720.000 1.337
9730.000 1.352
9740.000 1.392
9750.000 1.466
9760.000 1.509
9770.000 1.620
9780.000 1.694
9790.000 1.879
9800.000 2.167
9810.000 2.351
9820.000 2.844
9830.000 3.192
9840.000 4.183
9850.000 5.835
9860.000 6.896
9870.000 8.240
9880.000 7.674
9890.000 4.989
9900.000 3.565
9910.000 3.161
9920.000 2.522
9930.000 2.267
9940.000 1.944
9950.000 1.692
9960.000 1.613
9970.000 1.457
9980.000 1.418
9990.000 1.334
10000.000 1.272
10010.000 1.256
10020.000 1.217
10030.000 1.213
10040.000 1.218
10050.000 1.250
10060.000 1.256
10070.000 1.317
10080.000 1.353
10090.000 1.436
10100.000 1.523
10110.000 1.570
10120.000 1.749
10130.000 1.871
10140.000 2.205
10150.000 2.721
10160.000 3.064
10170.000 4.162
10180.000 4.896
10190.000 6.781
10200.000 7.424
10210.000 6.504
10220.000 4.252
10230.000 3.550
10240.000 2.686
10250.000 2.134
10260.000 1.959
10270.000 1.675
10280.000 1.583
10290.000 1.423
10300.000 1.309
10310.000 1.266
10320.000 1.217
10330.000 1.200
10340.000 1.151
10350.000 1.120
10360.000 1.129
10370.000 1.122
10380.000 1.119
10390.000 1.156
10400.000 1.190
10410.000 1.228
10420.000 1.314
10430.000 1.360
10440.000 1.489
10450.000 1.676
10460.000 1.809
10470.000 2.138
10480.000 2.375
10490.000 3.016
10500.000 4.028
10510.000 4.709
10520.000 6.045
10530.000 6.373
10540.000 5.271
10550.000 3.533
10560.000 3.083
10570.000 2.343
10580.000 2.086
10590.000 1.740
10600.000 1.519
10610.000 1.439
10620.000 1.285
10630.000 1.228
10640.000 1.160
10650.000 1.117
10660.000 1.093
10670.000 1.060
10680.000 1.063
10690.000 1.059
10700.000 1.067
10710.000 1.069
10720.000 1.121
10730.000 1.148
10740.000 1.190
10750.000 1.261
10760.000 1.312
10770.000 1.454
10780.000 1.539
10790.000 1.764
10800.000 1.922
10810.000 2.328
10820.000 3.008
10830.000 3.478
10840.000 4.860
10850.000 5.626
10860.000 6.114
10870.000 4.338
10880.000 3.580
10890.000 2.598
10900.000 2.278
10910.000 1.851
10920.000 1.579
10930.000 1.462
10940.000 1.300
10950.000 1.239
10960.000 1.142
10970.000 1.078
10980.000 1.048
10990.000 1.003
11000.000 0.988
11010.000 0.967
11020.000 0.960
11030.000 0.961
11040.000 0.977
11050.000 1.008
11060.000 1.041
11070.000 1.091
11080.000 1.127
11090.000 1.211
11100.000 1.295
11110.000 1.444
11120.000 1.670
11130.000 1.833
11140.000 2.271
11150.000 2.570
11160.000 3.503
11170.000 4.652
11180.000 5.057
11190.000 4.614
11200.000 4.053
11210.000 3.073
11220.000 2.286
11230.000 2.031
11240.000 1.653
11250.000 1.508
11260.000 1.311
11270.000 1.187
11280.000 1.118
11290.000 1.027
11300.000 0.997
11310.000 0.941
11320.000 0.913
11330.000 0.902
11340.000 0.895
11350.000 0.885
11360.000 0.901
11370.000 0.915
11380.000 0.924
11390.000 0.971
11400.000 1.001
11410.000 1.077
11420.000 1.191
11430.000 1.253
11440.000 1.429
11450.000 1.546
11460.000 1.860
11470.000 2.361
11480.000 2.702
11490.000 3.653
11500.000 4.227
11510.000 4.938
11520.000 3.913
11530.000 3.231
11540.000 2.319
11550.000 2.026
11560.000 1.614
11570.000 1.347
11580.000 1.264
11590.000 1.099
11600.000 1.047
11610.000 0.951
11620.000 0.891
11630.000 0.875
11640.000 0.830
11650.000 0.826
11660.000 0.802
11670.000 0.794
11680.000 0.795
11690.000 0.796
11700.000 0.804
11710.000 0.825
11720.000 0.872
11730.000 0.903
11740.000 0.971
11750.000 1.013
11760.000 1.117
11770.000 1.279
11780.000 1.393
11790.000 1.685
11800.000 1.872
11810.000 2.368
11820.000 3.178
11830.000 3.705
11840.000 4.407
11850.000 4.215
11860.000 2.996
11870.000 2.152
11880.000 1.891
11890.000 1.488
11900.000 1.355
11910.000 1.161
11920.000 1.033
11930.000 0.979
11940.000 0.894
11950.000 0.861
11960.000 0.811
11970.000 0.786
11980.000 0.759
11990.000 0.739
12000.000 0.743
