3601.000 7.340
3602.000 6.384
3603.000 6.566
3604.000 6.611
3605.000 6.682
3606.000 6.739
3607.000 6.849
3608.000 6.933
3609.000 6.951
3610.000 7.108
3611.000 7.148
3612.000 7.212
3613.000 7.312
3614.000 7.384
3615.000 7.533
3616.000 7.615
3617.000 7.707
3618.000 7.826
3619.000 7.968
3620.000 8.079
3621.000 8.149
3622.000 8.262
3623.000 8.400
3624.000 8.505
3625.000 8.638
3626.000 8.707
3627.000 8.853
3628.000 9.020
3629.000 9.146
3630.000 9.301
3631.000 9.472
3632.000 9.612
3633.000 9.874
3634.000 9.970
3635.000 10.115
3636.000 10.324
3637.000 10.512
3638.000 10.732
3639.000 10.994
3640.000 11.155
3641.000 11.413
3642.000 11.652
3643.000 11.901
3644.000 12.159
3645.000 12.305
3646.000 12.565
3647.000 12.882
3648.000 13.140
3649.000 13.406
3650.000 13.778
3651.000 14.099
3652.000 14.506
3653.000 14.864
3654.000 15.307
3655.000 15.780
3656.000 16.240
3657.000 16.801
3658.000 16.951
3659.000 17.621
3660.000 18.257
3661.000 18.909
3662.000 19.476
3663.000 20.245
3664.000 20.787
3665.000 21.553
3666.000 22.403
3667.000 23.291
3668.000 24.278
3669.000 25.344
3670.000 26.116
3671.000 27.352
3672.000 28.705
3673.000 30.218
3674.000 31.736
3675.000 33.637
3676.000 35.483
3677.000 37.497
3678.000 39.830
3679.000 42.714
3680.000 45.116
3681.000 47.832
3682.000 50.696
3683.000 52.401
3684.000 55.865
3685.000 59.819
3686.000 62.612
3687.000 66.437
3688.000 69.948
3689.000 72.386
3690.000 73.519
3691.000 73.164
3692.000 71.244
3693.000 68.200
3694.000 66.420
3695.000 62.230
3696.000 57.975
3697.000 53.662
3698.000 49.940
3699.000 46.472
3700.000 43.363
3701.000 40.369
3702.000 37.240
3703.000 35.085
3704.000 32.970
3705.000 31.099
3706.000 30.308
3707.000 28.756
3708.000 27.447
3709.000 26.408
3710.000 25.163
3711.000 24.033
3712.000 23.044
3713.000 22.157
3714.000 21.235
3715.000 20.469
3716.000 19.681
3717.000 18.983
3718.000 18.363
3719.000 18.058
3720.000 17.450
3721.000 16.920
3722.000 16.386
3723.000 15.789
3724.000 15.270
3725.000 14.884
3726.000 14.491
3727.000 14.100
3728.000 13.725
3729.000 13.358
3730.000 13.050
3731.000 12.881
3732.000 12.655
3733.000 12.329
3734.000 12.117
3735.000 11.810
3736.000 11.512
3737.000 11.304
3738.000 11.019
3739.000 10.723
3740.000 10.512
3741.000 10.305
3742.000 10.205
3743.000 10.000
3744.000 9.808
3745.000 9.669
3746.000 9.440
3747.000 9.343
3748.000 9.158
3749.000 9.023
3750.000 8.865
3751.000 8.725
3752.000 8.586
3753.000 8.441
3754.000 8.307
3755.000 8.248
3756.000 8.110
3757.000 7.909
3758.000 7.806
3759.000 7.702
3760.000 7.592
3761.000 7.476
3762.000 7.379
3763.000 7.267
3764.000 7.204
3765.000 7.095
3766.000 7.023
3767.000 6.982
3768.000 6.855
3769.000 6.792
3770.000 6.701
3771.000 6.606
3772.000 6.530
3773.000 6.428
3774.000 6.334
3775.000 6.270
3776.000 6.153
3777.000 6.116
3778.000 6.054
3779.000 5.970
3780.000 5.934
3781.000 5.859
3782.000 5.815
3783.000 5.764
3784.000 5.678
3785.000 5.646
3786.000 5.567
3787.000 5.500
3788.000 5.439
3789.000 5.386
3790.000 5.332
3791.000 5.302
3792.000 5.223
3793.000 5.192
3794.000 5.135
3795.000 5.071
3796.000 5.043
3797.000 5.000
3798.000 4.951
3799.000 4.901
3800.000 4.890
