110.000 0.542
120.000 0.738
130.000 0.493
140.000 0.848
150.000 0.793
160.000 1.022
170.000 0.683
180.000 0.949
190.000 1.095
200.000 1.076
210.000 1.262
220.000 1.433
230.000 1.353
240.000 1.301
250.000 1.547
260.000 1.531
270.000 1.665
280.000 1.923
290.000 1.887
300.000 2.198
310.000 2.145
320.000 2.471
330.000 3.331
340.000 3.012
350.000 4.043
360.000 4.233
370.000 4.915
380.000 5.656
390.000 5.884
400.000 7.706
410.000 8.633
420.000 10.478
430.000 13.723
440.000 16.220
450.000 21.178
460.000 24.290
470.000 32.089
480.000 44.617
490.000 53.517
500.000 76.935
510.000 92.425
520.000 87.089
530.000 40.737
540.000 28.954
550.000 24.075
560.000 20.200
570.000 23.770
580.000 10.816
590.000 10.381
600.000 7.914
610.000 7.147
620.000 6.013
630.000 5.318
640.000 6.519
650.000 4.345
660.000 3.879
670.000 3.356
680.000 3.049
690.000 2.835
700.000 2.571
710.000 2.476
720.000 2.241
730.000 2.034
740.000 2.051
750.000 1.892
760.000 1.868
770.000 1.754
780.000 1.743
790.000 1.618
800.000 1.597
810.000 1.582
820.000 1.837
830.000 1.482
840.000 1.519
850.000 1.512
860.000 1.461
870.000 1.482
880.000 2.724
890.000 1.571
900.000 1.561
910.000 1.618
920.000 1.647
930.000 1.777
940.000 1.883
950.000 2.196
960.000 2.659
970.000 3.765
980.000 4.699
990.000 7.611
1000.000 9.382
1010.000 4.074
1020.000 3.196
1030.000 2.539
1040.000 1.828
1050.000 1.473
1060.000 1.285
1070.000 1.300
1080.000 1.051
1090.000 0.875
1100.000 0.855
1110.000 0.827
1120.000 0.760
1130.000 0.889
1140.000 0.810
1150.000 0.705
1160.000 0.733
1170.000 0.731
1180.000 0.721
1190.000 0.783
1200.000 0.752
1210.000 0.783
1220.000 0.827
1230.000 0.834
1240.000 0.876
1250.000 0.930
1260.000 0.939
1270.000 0.927
1280.000 1.086
1290.000 1.080
1300.000 1.202
1310.000 1.238
1320.000 1.296
1330.000 1.491
1340.000 1.516
1350.000 1.720
1360.000 1.837
1370.000 2.048
1380.000 2.381
1390.000 2.545
1400.000 3.064
1410.000 3.425
1420.000 4.126
1430.000 4.752
1440.000 6.071
1450.000 8.786
1460.000 10.734
1470.000 17.299
1480.000 21.675
1490.000 24.149
1500.000 13.020
1510.000 10.572
1520.000 7.894
1530.000 6.875
1540.000 5.652
1550.000 4.887
1560.000 4.349
1570.000 4.136
1580.000 3.997
1590.000 3.674
1600.000 3.443
1610.000 3.397
1620.000 3.173
1630.000 3.096
1640.000 2.961
1650.000 2.896
1660.000 2.813
1670.000 2.745
1680.000 2.680
1690.000 2.550
1700.000 2.448
1710.000 2.396
1720.000 2.229
1730.000 2.188
1740.000 2.073
1750.000 2.024
1760.000 2.062
1770.000 2.331
1780.000 2.479
1790.000 2.972
1800.000 3.566
1810.000 3.885
1820.000 4.606
1830.000 4.967
1840.000 5.838
1850.000 6.742
1860.000 7.192
1870.000 8.384
1880.000 9.120
1890.000 10.917
1900.000 12.842
1910.000 14.028
1920.000 17.489
1930.000 19.575
1940.000 25.145
1950.000 32.527
1960.000 36.551
1970.000 41.298
1980.000 40.375
1990.000 33.785
2000.000 30.134
2010.000 24.229
2020.000 20.109
2030.000 18.587
2040.000 15.986
2050.000 14.178
2060.000 13.371
2070.000 12.174
2080.000 11.585
2090.000 10.618
2100.000 10.248
2110.000 9.517
2120.000 8.939
2130.000 8.668
2140.000 8.210
2150.000 7.986
2160.000 7.618
2170.000 7.286
2180.000 7.176
2190.000 6.906
2200.000 6.701
2210.000 6.622
2220.000 6.442
2230.000 6.396
2240.000 6.282
2250.000 6.239
2260.000 6.184
2270.000 6.145
2280.000 6.169
2290.000 6.201
2300.000 6.253
2310.000 6.344
2320.000 6.499
2330.000 6.601
2340.000 6.841
2350.000 7.015
2360.000 7.357
2370.000 7.849
2380.000 8.154
2390.000 8.880
2400.000 9.346
2410.000 10.490
2420.000 12.080
2430.000 13.204
2440.000 16.098
2450.000 18.107
2460.000 23.823
2470.000 32.409
2480.000 36.791
2490.000 37.776
2500.000 32.197
2510.000 21.315
2520.000 15.381
2530.000 13.429
2540.000 10.682
2550.000 9.769
2560.000 8.104
2570.000 6.981
2580.000 6.519
2590.000 5.820
2600.000 5.508
2610.000 5.018
2620.000 4.616
2630.000 4.456
2640.000 4.148
2650.000 4.031
2660.000 3.805
2670.000 3.625
2680.000 3.567
2690.000 3.433
2700.000 3.390
2710.000 3.293
2720.000 3.229
2730.000 3.209
2740.000 3.177
2750.000 3.179
2760.000 3.190
2770.000 3.208
2780.000 3.227
2790.000 3.290
2800.000 3.335
2810.000 3.449
2820.000 3.594
2830.000 3.642
2840.000 3.866
2850.000 4.136
2860.000 4.299
2870.000 4.690
2880.000 4.927
2890.000 5.531
2900.000 5.917
2910.000 6.902
2920.000 8.366
2930.000 9.391
2940.000 12.426
2950.000 14.739
2960.000 21.932
2970.000 31.106
2980.000 31.329
2990.000 18.062
3000.000 14.172
3010.000 9.843
3020.000 7.525
3030.000 6.741
3040.000 5.573
3050.000 5.128
3060.000 4.454
3070.000 3.921
3080.000 3.723
3090.000 3.362
3100.000 3.215
3110.000 2.972
3120.000 2.778
3130.000 2.707
3140.000 2.556
3150.000 2.502
3160.000 2.385
3170.000 2.343
3180.000 2.264
3190.000 2.227
3200.000 2.200
3210.000 2.166
3220.000 2.164
3230.000 2.157
3240.000 2.142
3250.000 2.171
3260.000 2.180
3270.000 2.200
3280.000 2.239
3290.000 2.322
3300.000 2.362
3310.000 2.493
3320.000 2.544
3330.000 2.699
3340.000 2.893
3350.000 3.021
3360.000 3.291
3370.000 3.674
3380.000 3.900
3390.000 4.492
3400.000 4.884
3410.000 5.932
3420.000 7.558
3430.000 8.775
3440.000 12.559
3450.000 15.509
3460.000 22.997
3470.000 24.457
3480.000 14.713
3490.000 9.165
3500.000 7.681
3510.000 5.833
3520.000 5.194
3530.000 4.297
3540.000 3.665
3550.000 3.419
3560.000 3.019
3570.000 2.721
3580.000 2.591
3590.000 2.377
3600.000 2.306
3610.000 2.153
3620.000 2.094
3630.000 1.971
3640.000 1.895
3650.000 1.854
3660.000 1.779
3670.000 1.776
3680.000 1.715
3690.000 1.697
3700.000 1.670
3710.000 1.665
3720.000 1.666
3730.000 1.667
3740.000 1.688
3750.000 1.700
3760.000 1.728
3770.000 1.769
3780.000 1.794
3790.000 1.852
3800.000 1.909
3810.000 2.002
3820.000 2.066
3830.000 2.194
3840.000 2.374
3850.000 2.494
3860.000 2.757
3870.000 2.910
3880.000 3.330
3890.000 3.916
3900.000 4.305
3910.000 5.414
3920.000 6.191
3930.000 8.604
3940.000 13.151
3950.000 16.324
3960.000 19.003
3970.000 14.691
3980.000 8.077
3990.000 5.641
4000.000 4.888
4010.000 3.874
4020.000 3.220
4030.000 2.957
4040.000 2.564
4050.000 2.420
4060.000 2.164
4070.000 2.051
4080.000 1.883
4090.000 1.748
4100.000 1.676
4110.000 1.593
4120.000 1.544
4130.000 1.481
4140.000 1.417
4150.000 1.387
4160.000 1.346
4170.000 1.335
4180.000 1.312
4190.000 1.287
4200.000 1.287
4210.000 1.285
4220.000 1.290
4230.000 1.281
4240.000 1.311
4250.000 1.323
4260.000 1.375
4270.000 1.407
4280.000 1.429
4290.000 1.486
4300.000 1.526
4310.000 1.617
4320.000 1.669
4330.000 1.772
4340.000 1.884
4350.000 1.969
4360.000 2.143
4370.000 2.273
4380.000 2.620
4390.000 3.171
4400.000 3.549
4410.000 4.714
4420.000 5.641
4430.000 8.434
4440.000 12.688
4450.000 13.834
4460.000 8.987
4470.000 5.617
4480.000 4.750
4490.000 4.104
4500.000 3.254
4510.000 2.728
4520.000 2.515
4530.000 2.210
4540.000 2.088
4550.000 1.894
4560.000 1.729
4570.000 1.672
4580.000 1.557
4590.000 1.513
4600.000 1.446
4610.000 1.420
4620.000 1.392
4630.000 1.367
4640.000 1.363
4650.000 1.363
4660.000 1.363
4670.000 1.379
4680.000 1.407
4690.000 1.427
4700.000 1.473
4710.000 1.530
4720.000 1.554
4730.000 1.614
4740.000 1.662
4750.000 1.742
4760.000 1.818
4770.000 1.910
4780.000 1.968
4790.000 2.059
4800.000 2.098
4810.000 2.183
4820.000 2.231
4830.000 2.337
4840.000 2.396
4850.000 2.532
4860.000 2.735
4870.000 2.859
4880.000 3.256
4890.000 3.549
4900.000 4.417
4910.000 6.068
4920.000 7.372
4930.000 11.422
4940.000 13.554
4950.000 12.016
4960.000 7.715
4970.000 6.694
4980.000 5.464
4990.000 5.096
5000.000 4.629
5010.000 4.335
5020.000 4.233
5030.000 4.123
5040.000 4.079
5050.000 4.036
5060.000 4.023
5070.000 4.034
5080.000 4.056
5090.000 4.087
5100.000 4.105
5110.000 4.138
5120.000 4.154
5130.000 4.180
5140.000 4.208
5150.000 4.239
5160.000 4.240
5170.000 4.250
5180.000 4.263
5190.000 4.275
5200.000 4.286
5210.000 4.302
5220.000 4.306
5230.000 4.340
5240.000 4.365
5250.000 4.411
5260.000 4.484
5270.000 4.531
5280.000 4.602
5290.000 4.657
5300.000 4.663
5310.000 4.962
5320.000 5.294
5330.000 6.039
5340.000 6.476
5350.000 7.439
5360.000 8.697
5370.000 9.480
5380.000 11.483
5390.000 12.864
5400.000 16.912
5410.000 23.808
5420.000 29.017
5430.000 40.860
5440.000 41.929
5450.000 25.873
5460.000 16.394
5470.000 13.829
5480.000 10.461
5490.000 9.328
5500.000 7.627
5510.000 6.459
5520.000 6.004
5530.000 5.292
5540.000 4.978
5550.000 4.491
5560.000 4.286
5570.000 3.961
5580.000 3.681
5590.000 3.471
5600.000 3.378
5610.000 3.305
5620.000 3.161
5630.000 3.053
5640.000 2.990
5650.000 2.912
5660.000 2.877
5670.000 2.832
5680.000 2.801
5690.000 2.801
5700.000 2.789
5710.000 2.799
5720.000 2.828
5730.000 2.874
5740.000 2.941
5750.000 2.986
5760.000 3.046
5770.000 3.171
5780.000 3.341
5790.000 3.417
5800.000 3.666
5810.000 3.803
5820.000 4.140
5830.000 4.592
5840.000 4.860
5850.000 5.561
5860.000 5.993
5870.000 7.193
5880.000 9.008
5890.000 10.347
5900.000 14.339
5910.000 17.387
5920.000 25.515
5930.000 27.506
5940.000 21.637
5950.000 12.901
5960.000 10.702
5970.000 7.997
5980.000 6.366
5990.000 5.803
6000.000 4.933
6010.000 4.615
6020.000 4.061
6030.000 3.640
6040.000 3.477
6050.000 3.178
6060.000 2.955
6070.000 2.860
6080.000 2.707
6090.000 2.624
6100.000 2.511
6110.000 2.459
6120.000 2.385
6130.000 2.322
6140.000 2.281
6150.000 2.269
6160.000 2.261
6170.000 2.249
6180.000 2.237
6190.000 2.248
6200.000 2.259
6210.000 2.274
6220.000 2.328
6230.000 2.394
6240.000 2.429
6250.000 2.537
6260.000 2.582
6270.000 2.714
6280.000 2.902
6290.000 2.989
6300.000 3.233
6310.000 3.389
6320.000 3.747
6330.000 4.221
6340.000 4.513
6350.000 5.276
6360.000 5.760
6370.000 7.112
6380.000 9.326
6390.000 10.976
6400.000 16.003
6410.000 19.483
6420.000 24.794
6430.000 16.999
6440.000 13.053
6450.000 8.939
6460.000 7.739
6470.000 6.071
6480.000 5.018
6490.000 4.611
6500.000 3.999
6510.000 3.761
6520.000 3.368
6530.000 3.067
6540.000 2.950
6550.000 2.726
6560.000 2.639
6570.000 2.491
6580.000 2.370
6590.000 2.313
6600.000 2.237
6610.000 2.208
6620.000 2.142
6630.000 2.099
6640.000 2.097
6650.000 2.061
6660.000 2.070
6670.000 2.064
6680.000 2.067
6690.000 2.089
6700.000 2.120
6710.000 2.136
6720.000 2.208
6730.000 2.233
6740.000 2.318
6750.000 2.431
6760.000 2.494
6770.000 2.661
6780.000 2.852
6790.000 2.969
6800.000 3.242
6810.000 3.408
6820.000 3.810
6830.000 4.061
6840.000 4.725
6850.000 5.655
6860.000 6.309
6870.000 8.089
6880.000 9.395
6890.000 13.346
6900.000 19.603
6910.000 21.837
6920.000 17.379
6930.000 13.257
6940.000 8.913
6950.000 6.699
6960.000 5.955
6970.000 4.924
6980.000 4.197
6990.000 3.906
7000.000 3.458
7010.000 3.101
7020.000 2.955
7030.000 2.833
7040.000 2.642
7050.000 2.472
7060.000 2.402
7070.000 2.269
7080.000 2.223
7090.000 2.146
7100.000 2.066
7110.000 2.056
7120.000 2.018
7130.000 2.001
7140.000 1.966
7150.000 1.967
7160.000 1.950
7170.000 1.978
7180.000 1.979
7190.000 2.008
7200.000 2.044
7210.000 2.089
7220.000 2.134
7230.000 2.169
7240.000 2.251
7250.000 2.370
7260.000 2.443
7270.000 2.602
7280.000 2.699
7290.000 2.917
7300.000 3.220
7310.000 3.375
7320.000 3.858
7330.000 4.142
7340.000 4.875
7350.000 5.372
7360.000 6.713
7370.000 8.919
7380.000 12.675
7390.000 15.352
7400.000 18.121
7410.000 18.973
7420.000 11.818
7430.000 9.549
7440.000 6.800
7450.000 5.949
7460.000 4.641
7470.000 3.910
7480.000 3.722
7490.000 3.550
7500.000 3.280
7510.000 3.118
7520.000 2.849
7530.000 2.729
7540.000 2.533
7550.000 2.434
7560.000 2.290
7570.000 2.173
7580.000 2.120
7590.000 2.041
7600.000 2.004
7610.000 1.955
7620.000 1.924
7630.000 1.910
7640.000 1.883
7650.000 1.892
7660.000 1.875
7670.000 1.903
7680.000 1.905
7690.000 1.937
7700.000 1.980
7710.000 2.009
7720.000 2.077
7730.000 2.180
7740.000 2.234
7750.000 2.360
7760.000 2.448
7770.000 2.642
7780.000 2.732
7790.000 2.996
7800.000 3.154
7810.000 3.555
7820.000 4.082
7830.000 4.425
7840.000 5.350
7850.000 6.744
7860.000 7.803
7870.000 10.751
7880.000 15.453
7890.000 17.786
7900.000 16.654
7910.000 13.059
7920.000 8.186
7930.000 6.054
7940.000 5.445
7950.000 5.137
7960.000 4.322
7970.000 3.653
7980.000 3.405
7990.000 3.017
8000.000 2.867
8010.000 2.665
8020.000 2.479
8030.000 2.392
8040.000 2.226
8050.000 2.165
8060.000 2.041
8070.000 1.931
8080.000 1.893
8090.000 1.857
8100.000 1.837
8110.000 1.819
8120.000 1.787
8130.000 1.791
8140.000 1.792
8150.000 1.801
8160.000 1.816
8170.000 1.852
8180.000 1.898
8190.000 1.968
8200.000 1.977
8210.000 2.021
8220.000 2.081
8230.000 2.122
8240.000 2.241
8250.000 2.318
8260.000 2.478
8270.000 2.694
8280.000 2.837
8290.000 3.148
8300.000 3.343
8310.000 3.752
8320.000 4.042
8330.000 4.232
8340.000 5.326
8350.000 6.109
8360.000 8.235
8370.000 11.733
8380.000 14.283
8390.000 17.406
8400.000 15.892
8410.000 10.125
8420.000 7.146
8430.000 6.201
8440.000 4.977
8450.000 4.532
8460.000 3.849
8470.000 3.322
8480.000 3.079
8490.000 2.684
8500.000 2.561
8510.000 2.354
8520.000 2.265
8530.000 2.122
8540.000 2.014
8550.000 1.961
8560.000 1.880
8570.000 1.840
8580.000 1.772
8590.000 1.737
8600.000 1.720
8610.000 1.685
8620.000 1.686
8630.000 1.676
8640.000 1.676
8650.000 1.688
8660.000 1.760
8670.000 1.774
8680.000 1.781
8690.000 1.819
8700.000 1.831
8710.000 1.904
8720.000 1.940
8730.000 2.033
8740.000 2.155
8750.000 2.224
8760.000 2.397
8770.000 2.497
8780.000 2.743
8790.000 3.071
8800.000 3.253
8810.000 3.746
8820.000 4.103
8830.000 4.976
8840.000 6.269
8850.000 7.230
8860.000 9.888
8870.000 11.731
8880.000 15.085
8890.000 13.581
8900.000 10.924
8910.000 7.339
8920.000 6.171
8930.000 4.813
8940.000 3.943
8950.000 3.629
8960.000 3.110
8970.000 2.926
8980.000 2.616
8990.000 2.352
9000.000 2.272
9010.000 2.103
9020.000 2.034
9030.000 1.905
9040.000 1.792
9050.000 1.781
9060.000 1.700
9070.000 1.671
9080.000 1.618
9090.000 1.590
9100.000 1.572
9110.000 1.547
9120.000 1.538
9130.000 1.539
9140.000 1.544
9150.000 1.547
9160.000 1.569
9170.000 1.577
9180.000 1.624
9190.000 1.670
9200.000 1.695
9210.000 1.769
9220.000 1.817
9230.000 1.921
9240.000 2.049
9250.000 2.133
9260.000 2.328
9270.000 2.424
9280.000 2.717
9290.000 3.053
9300.000 3.297
9310.000 3.869
9320.000 4.261
9330.000 5.368
9340.000 6.937
9350.000 7.923
9360.000 10.510
9370.000 13.160
9380.000 12.847
9390.000 8.874
9400.000 7.302
9410.000 5.351
9420.000 4.693
9430.000 3.788
9440.000 3.177
9450.000 2.956
9460.000 2.584
9470.000 2.428
9480.000 2.190
9490.000 2.003
9500.000 1.919
9510.000 1.778
9520.000 1.734
9530.000 1.647
9540.000 1.555
9550.000 1.531
9560.000 1.477
9570.000 1.445
9580.000 1.407
9590.000 1.376
9600.000 1.355
9610.000 1.340
9620.000 1.366
9630.000 1.384
9640.000 1.391
9650.000 1.395
9660.000 1.425
9670.000 1.437
9680.000 1.474
9690.000 1.516
9700.000 1.555
9710.000 1.629
9720.000 1.672
9730.000 1.792
9740.000 1.848
9750.000 1.987
9760.000 2.174
9770.000 2.296
9780.000 2.591
9790.000 2.747
9800.000 3.227
9810.000 3.868
9820.000 4.347
9830.000 5.584
9840.000 6.451
9850.000 8.817
9860.000 10.898
9870.000 10.594
9880.000 7.328
9890.000 5.971
9900.000 4.558
9910.000 4.057
9920.000 3.775
9930.000 3.109
9940.000 2.624
9950.000 2.438
9960.000 2.143
9970.000 2.032
9980.000 1.834
9990.000 1.752
10000.000 1.631
10010.000 1.518
10020.000 1.481
10030.000 1.404
10040.000 1.364
10050.000 1.307
10060.000 1.278
10070.000 1.243
10080.000 1.217
10090.000 1.212
10100.000 1.194
10110.000 1.187
10120.000 1.190
10130.000 1.187
10140.000 1.186
10150.000 1.205
10160.000 1.224
10170.000 1.242
10180.000 1.272
10190.000 1.304
10200.000 1.375
10210.000 1.477
10220.000 1.596
10230.000 1.644
10240.000 1.699
10250.000 1.850
10260.000 2.035
10270.000 2.161
10280.000 2.441
10290.000 2.631
10300.000 3.152
10310.000 3.900
10320.000 4.419
10330.000 5.837
10340.000 6.828
10350.000 9.049
10360.000 9.394
10370.000 8.156
10380.000 5.551
10390.000 4.717
10400.000 3.582
10410.000 2.872
10420.000 2.635
10430.000 2.220
10440.000 2.084
10450.000 1.838
10460.000 1.662
10470.000 1.579
10480.000 1.461
10490.000 1.405
10500.000 1.331
10510.000 1.272
10520.000 1.212
10530.000 1.146
10540.000 1.100
10550.000 1.082
10560.000 1.073
10570.000 1.065
10580.000 1.074
10590.000 1.062
10600.000 1.065
10610.000 1.070
10620.000 1.069
10630.000 1.071
10640.000 1.094
10650.000 1.109
10660.000 1.122
10670.000 1.137
10680.000 1.189
10690.000 1.238
10700.000 1.259
10710.000 1.336
10720.000 1.379
10730.000 1.492
10740.000 1.542
10750.000 1.696
10760.000 1.890
10770.000 2.006
10780.000 2.307
10790.000 2.502
10800.000 3.022
10810.000 3.777
10820.000 4.316
10830.000 5.788
10840.000 6.666
10850.000 8.114
10860.000 7.271
10870.000 6.261
10880.000 4.468
10890.000 3.788
10900.000 2.942
10910.000 2.654
10920.000 2.205
10930.000 1.902
10940.000 1.787
10950.000 1.590
10960.000 1.518
10970.000 1.376
10980.000 1.283
10990.000 1.222
11000.000 1.159
11010.000 1.122
11020.000 1.070
11030.000 1.023
11040.000 1.007
11050.000 0.989
11060.000 0.962
11070.000 0.957
11080.000 0.938
11090.000 0.941
11100.000 0.942
11110.000 0.926
11120.000 0.943
11130.000 0.951
11140.000 0.962
11150.000 0.981
11160.000 1.005
11170.000 1.043
11180.000 1.083
11190.000 1.110
11200.000 1.176
11210.000 1.209
11220.000 1.307
11230.000 1.400
11240.000 1.466
11250.000 1.633
11260.000 1.726
11270.000 1.986
11280.000 2.335
11290.000 2.567
11300.000 3.175
11310.000 3.606
11320.000 4.732
11330.000 6.365
11340.000 7.082
11350.000 7.015
11360.000 5.013
11370.000 4.217
11380.000 3.128
11390.000 2.790
11400.000 2.258
11410.000 1.910
11420.000 1.775
11430.000 1.554
11440.000 1.463
11450.000 1.332
11460.000 1.270
11470.000 1.167
11480.000 1.082
11490.000 1.058
11500.000 0.992
11510.000 0.970
11520.000 0.938
11530.000 0.880
11540.000 0.873
11550.000 0.853
11560.000 0.850
11570.000 0.839
11580.000 0.838
11590.000 0.828
11600.000 0.841
11610.000 0.838
11620.000 0.849
11630.000 0.863
11640.000 0.863
11650.000 0.892
11660.000 0.914
11670.000 0.939
11680.000 0.988
11690.000 1.019
11700.000 1.082
11710.000 1.125
11720.000 1.217
11730.000 1.328
11740.000 1.392
11750.000 1.574
11760.000 1.683
11770.000 1.956
11780.000 2.345
11790.000 2.616
11800.000 3.321
11810.000 3.823
11820.000 5.069
11830.000 6.064
11840.000 5.971
11850.000 4.535
11860.000 3.810
11870.000 2.818
11880.000 2.207
11890.000 1.984
11900.000 1.656
11910.000 1.534
11920.000 1.399
11930.000 1.282
11940.000 1.226
11950.000 1.103
11960.000 1.066
11970.000 0.983
11980.000 0.927
11990.000 0.897
12000.000 0.854
