110.000 2.757
120.000 1.296
130.000 2.430
140.000 2.821
150.000 2.342
160.000 3.492
170.000 3.041
180.000 2.738
190.000 3.257
200.000 3.134
210.000 3.204
220.000 3.890
230.000 3.547
240.000 3.490
250.000 3.636
260.000 3.914
270.000 4.440
280.000 4.424
290.000 4.418
300.000 4.377
310.000 4.817
320.000 5.471
330.000 6.345
340.000 5.602
350.000 5.802
360.000 5.826
370.000 6.390
380.000 6.989
390.000 6.632
400.000 7.173
410.000 8.149
420.000 9.205
430.000 10.006
440.000 10.156
450.000 11.103
460.000 11.818
470.000 11.924
480.000 11.772
490.000 11.733
500.000 11.221
510.000 10.315
520.000 9.878
530.000 8.930
540.000 8.331
550.000 7.729
560.000 7.055
570.000 6.740
580.000 6.057
590.000 5.879
600.000 6.103
610.000 4.768
620.000 4.458
630.000 4.043
640.000 3.920
650.000 3.539
660.000 3.279
670.000 3.116
680.000 2.893
690.000 2.804
700.000 2.545
710.000 2.394
720.000 2.314
730.000 2.197
740.000 2.039
750.000 1.935
760.000 1.810
770.000 1.826
780.000 1.684
790.000 1.638
800.000 1.538
810.000 1.418
820.000 1.401
830.000 1.212
840.000 1.292
850.000 1.229
860.000 1.157
870.000 1.066
880.000 0.926
890.000 0.979
900.000 0.876
910.000 0.803
920.000 0.767
930.000 0.722
940.000 0.691
950.000 0.618
960.000 0.673
970.000 0.611
980.000 0.579
990.000 0.669
1000.000 0.583
1010.000 0.518
1020.000 0.595
1030.000 0.539
1040.000 0.521
1050.000 0.559
1060.000 0.562
1070.000 0.559
1080.000 0.560
1090.000 0.571
1100.000 0.606
1110.000 0.621
1120.000 0.615
1130.000 0.666
1140.000 0.663
1150.000 0.721
1160.000 0.748
1170.000 0.771
1180.000 0.855
1190.000 0.795
1200.000 0.921
1210.000 0.967
1220.000 0.947
1230.000 1.057
1240.000 1.109
1250.000 1.266
1260.000 1.181
1270.000 1.320
1280.000 1.406
1290.000 1.482
1300.000 1.583
1310.000 1.547
1320.000 2.220
1330.000 1.726
1340.000 1.892
1350.000 2.087
1360.000 2.205
1370.000 2.402
1380.000 2.386
1390.000 2.626
1400.000 2.630
1410.000 2.820
1420.000 3.038
1430.000 3.203
1440.000 3.430
1450.000 3.641
1460.000 3.860
1470.000 4.221
1480.000 4.524
1490.000 4.733
1500.000 5.198
1510.000 5.394
1520.000 5.875
1530.000 6.517
1540.000 6.855
1550.000 7.622
1560.000 8.020
1570.000 8.913
1580.000 10.028
1590.000 10.547
1600.000 11.979
1610.000 12.783
1620.000 14.458
1630.000 16.728
1640.000 17.740
1650.000 20.308
1660.000 21.655
1670.000 24.034
1680.000 26.798
1690.000 27.598
1700.000 28.041
1710.000 28.143
1720.000 25.926
1730.000 23.950
1740.000 22.360
1750.000 19.882
1760.000 19.790
1770.000 18.408
1780.000 18.252
1790.000 18.567
1800.000 18.474
1810.000 18.437
1820.000 18.034
1830.000 17.632
1840.000 17.296
1850.000 16.846
1860.000 16.459
1870.000 15.965
1880.000 15.680
1890.000 15.347
1900.000 14.958
1910.000 14.732
1920.000 14.447
1930.000 14.235
1940.000 14.102
1950.000 13.869
1960.000 13.709
1970.000 13.472
1980.000 13.301
1990.000 13.088
2000.000 12.884
2010.000 12.902
2020.000 12.674
2030.000 12.481
2040.000 12.366
2050.000 12.139
2060.000 12.044
2070.000 11.826
2080.000 11.599
2090.000 11.459
2100.000 11.244
2110.000 11.120
2120.000 10.978
2130.000 10.585
2140.000 10.442
2150.000 10.165
2160.000 10.023
2170.000 9.741
2180.000 9.448
2190.000 9.315
2200.000 9.006
2210.000 8.873
2220.000 8.599
2230.000 8.316
2240.000 8.182
2250.000 7.903
2260.000 7.780
2270.000 7.514
2280.000 7.250
2290.000 7.133
2300.000 6.918
2310.000 6.803
2320.000 6.564
2330.000 6.354
2340.000 6.246
2350.000 6.056
2360.000 5.960
2370.000 5.791
2380.000 5.622
2390.000 5.524
2400.000 5.380
2410.000 5.298
2420.000 5.140
2430.000 5.042
2440.000 4.934
2450.000 4.793
2460.000 4.737
2470.000 4.604
2480.000 4.573
2490.000 4.447
2500.000 4.357
2510.000 4.297
2520.000 4.205
2530.000 4.159
2540.000 4.076
2550.000 3.998
2560.000 3.958
2570.000 3.881
2580.000 3.852
2590.000 3.797
2600.000 3.727
2610.000 3.679
2620.000 3.625
2630.000 3.589
2640.000 3.545
2650.000 3.504
2660.000 3.493
2670.000 3.437
2680.000 3.409
2690.000 3.375
2700.000 3.329
2710.000 3.323
2720.000 3.286
2730.000 3.275
2740.000 3.251
2750.000 3.215
2760.000 3.213
2770.000 3.194
2780.000 3.177
2790.000 3.160
2800.000 3.152
2810.000 3.139
2820.000 3.127
2830.000 3.132
2840.000 3.128
2850.000 3.111
2860.000 3.134
2870.000 3.135
2880.000 3.124
2890.000 3.118
2900.000 3.117
2910.000 3.148
2920.000 3.152
2930.000 3.146
2940.000 3.171
2950.000 3.183
2960.000 3.185
2970.000 3.215
2980.000 3.243
2990.000 3.250
3000.000 3.290
3010.000 3.294
3020.000 3.351
3030.000 3.371
3040.000 3.395
3050.000 3.452
3060.000 3.484
3070.000 3.532
3080.000 3.574
3090.000 3.624
3100.000 3.689
3110.000 3.740
3120.000 3.798
3130.000 3.845
3140.000 3.942
3150.000 4.045
3160.000 4.095
3170.000 4.218
3180.000 4.290
3190.000 4.423
3200.000 4.575
3210.000 4.648
3220.000 4.837
3230.000 4.920
3240.000 5.150
3250.000 5.386
3260.000 5.503
3270.000 5.791
3280.000 5.953
3290.000 6.318
3300.000 6.713
3310.000 6.945
3320.000 7.465
3330.000 7.743
3340.000 8.408
3350.000 9.237
3360.000 9.728
3370.000 10.817
3380.000 11.483
3390.000 13.150
3400.000 15.339
3410.000 16.731
3420.000 20.386
3430.000 22.820
3440.000 29.542
3450.000 39.284
3460.000 44.828
3470.000 51.580
3480.000 48.922
3490.000 35.680
3500.000 25.768
3510.000 22.424
3520.000 17.639
3530.000 15.905
3540.000 13.202
3550.000 11.337
3560.000 10.556
3570.000 9.288
3580.000 8.714
3590.000 7.735
3600.000 6.999
3610.000 6.658
3620.000 6.118
3630.000 5.859
3640.000 5.424
3650.000 5.243
3660.000 4.894
3670.000 4.582
3680.000 4.452
3690.000 4.189
3700.000 4.061
3710.000 3.838
3720.000 3.640
3730.000 3.564
3740.000 3.387
3750.000 3.319
3760.000 3.151
3770.000 3.010
3780.000 2.952
3790.000 2.849
3800.000 2.784
3810.000 2.684
3820.000 2.570
3830.000 2.526
3840.000 2.437
3850.000 2.385
3860.000 2.321
3870.000 2.238
3880.000 2.212
3890.000 2.154
3900.000 2.116
3910.000 2.057
3920.000 1.998
3930.000 1.974
3940.000 1.913
3950.000 1.905
3960.000 1.846
3970.000 1.809
3980.000 1.787
3990.000 1.739
4000.000 1.722
4010.000 1.675
4020.000 1.649
4030.000 1.630
4040.000 1.618
4050.000 1.594
4060.000 1.537
4070.000 1.512
4080.000 1.503
4090.000 1.475
4100.000 1.473
4110.000 1.468
4120.000 1.426
4130.000 1.409
4140.000 1.403
4150.000 1.381
4160.000 1.362
4170.000 1.361
4180.000 1.344
4190.000 1.321
4200.000 1.314
4210.000 1.309
4220.000 1.291
4230.000 1.284
4240.000 1.280
4250.000 1.263
4260.000 1.262
4270.000 1.244
4280.000 1.249
4290.000 1.241
4300.000 1.247
4310.000 1.224
4320.000 1.214
4330.000 1.200
4340.000 1.160
4350.000 1.143
4360.000 1.105
4370.000 1.084
4380.000 1.070
4390.000 1.079
4400.000 1.065
4410.000 1.084
4420.000 1.082
4430.000 1.092
4440.000 1.106
4450.000 1.125
4460.000 1.128
4470.000 1.150
4480.000 1.136
4490.000 1.160
4500.000 1.171
4510.000 1.191
4520.000 1.209
4530.000 1.207
4540.000 1.225
4550.000 1.250
4560.000 1.266
4570.000 1.288
4580.000 1.308
4590.000 1.340
4600.000 1.362
4610.000 1.409
4620.000 1.441
4630.000 1.484
4640.000 1.541
4650.000 1.577
4660.000 1.650
4670.000 1.722
4680.000 1.767
4690.000 1.849
4700.000 1.894
4710.000 1.989
4720.000 2.102
4730.000 2.150
4740.000 2.246
4750.000 2.297
4760.000 2.401
4770.000 2.474
4780.000 2.513
4790.000 2.551
4800.000 2.570
4810.000 2.604
4820.000 2.576
4830.000 2.552
4840.000 2.502
4850.000 2.466
4860.000 2.408
4870.000 2.383
4880.000 2.328
4890.000 2.309
4900.000 2.321
4910.000 2.390
4920.000 2.450
4930.000 2.639
4940.000 2.928
4950.000 3.118
4960.000 3.564
4970.000 3.819
4980.000 4.471
4990.000 5.237
5000.000 5.698
5010.000 6.720
5020.000 7.310
5030.000 8.685
5040.000 10.291
5050.000 11.249
5060.000 13.404
5070.000 14.652
5080.000 17.528
5090.000 21.077
5100.000 23.166
5110.000 28.121
5120.000 31.078
5130.000 38.438
5140.000 48.347
5150.000 54.594
5160.000 70.048
5170.000 78.840
5180.000 93.238
5190.000 91.062
5200.000 82.737
5210.000 63.538
5220.000 55.441
5230.000 43.350
5240.000 34.969
5250.000 31.732
5260.000 26.551
5270.000 24.437
5280.000 20.901
5290.000 17.951
5300.000 16.636
5310.000 14.244
5320.000 13.349
5330.000 12.496
5340.000 11.925
5350.000 11.648
5360.000 11.077
5370.000 10.786
5380.000 10.212
5390.000 9.606
5400.000 9.329
5410.000 8.805
5420.000 8.549
5430.000 8.066
5440.000 7.612
5450.000 7.390
5460.000 6.992
5470.000 6.817
5480.000 6.447
5490.000 6.121
5500.000 5.986
5510.000 5.696
5520.000 5.561
5530.000 5.328
5540.000 5.088
5550.000 4.985
5560.000 4.796
5570.000 4.699
5580.000 4.525
5590.000 4.362
5600.000 4.307
5610.000 4.147
5620.000 4.081
5630.000 3.953
5640.000 3.838
5650.000 3.780
5660.000 3.672
5670.000 3.619
5680.000 3.522
5690.000 3.430
5700.000 3.390
5710.000 3.305
5720.000 3.258
5730.000 3.188
5740.000 3.107
5750.000 3.090
5760.000 3.015
5770.000 2.996
5780.000 2.933
5790.000 2.885
5800.000 2.856
5810.000 2.808
5820.000 2.798
5830.000 2.737
5840.000 2.710
5850.000 2.688
5860.000 2.650
5870.000 2.628
5880.000 2.586
5890.000 2.549
5900.000 2.538
5910.000 2.522
5920.000 2.497
5930.000 2.477
5940.000 2.461
5950.000 2.441
5960.000 2.422
5970.000 2.420
5980.000 2.403
5990.000 2.384
6000.000 2.371
6010.000 2.356
6020.000 2.351
6030.000 2.339
6040.000 2.335
6050.000 2.320
6060.000 2.315
6070.000 2.302
6080.000 2.316
6090.000 2.297
6100.000 2.303
6110.000 2.295
6120.000 2.298
6130.000 2.296
6140.000 2.298
6150.000 2.314
6160.000 2.297
6170.000 2.299
6180.000 2.313
6190.000 2.320
6200.000 2.317
6210.000 2.345
6220.000 2.334
6230.000 2.343
6240.000 2.356
6250.000 2.381
6260.000 2.386
6270.000 2.405
6280.000 2.415
6290.000 2.428
6300.000 2.454
6310.000 2.486
6320.000 2.479
6330.000 2.511
6340.000 2.534
6350.000 2.553
6360.000 2.598
6370.000 2.608
6380.000 2.654
6390.000 2.660
6400.000 2.710
6410.000 2.733
6420.000 2.786
6430.000 2.817
6440.000 2.850
6450.000 2.907
6460.000 2.962
6470.000 3.002
6480.000 3.061
6490.000 3.112
6500.000 3.177
6510.000 3.253
6520.000 3.289
6530.000 3.389
6540.000 3.432
6550.000 3.527
6560.000 3.633
6570.000 3.697
6580.000 3.841
6590.000 3.913
6600.000 4.045
6610.000 4.120
6620.000 4.288
6630.000 4.466
6640.000 4.581
6650.000 4.779
6660.000 4.892
6670.000 5.135
6680.000 5.418
6690.000 5.564
6700.000 5.907
6710.000 6.082
6720.000 6.492
6730.000 6.950
6740.000 7.221
6750.000 7.825
6760.000 8.160
6770.000 8.942
6780.000 9.903
6790.000 10.456
6800.000 11.790
6810.000 12.560
6820.000 14.547
6830.000 17.212
6840.000 18.909
6850.000 23.480
6860.000 26.470
6870.000 35.079
6880.000 47.366
6890.000 53.788
6900.000 56.684
6910.000 50.295
6920.000 35.295
6930.000 25.869
6940.000 22.770
6950.000 18.249
6960.000 16.582
6970.000 14.005
6980.000 12.114
6990.000 11.352
7000.000 10.058
7010.000 9.521
7020.000 8.609
7030.000 7.856
7040.000 7.517
7050.000 6.925
7060.000 6.658
7070.000 6.227
7080.000 5.812
7090.000 5.643
7100.000 5.306
7110.000 5.144
7120.000 4.874
7130.000 4.641
7140.000 4.529
7150.000 4.307
7160.000 4.218
7170.000 4.028
7180.000 3.867
7190.000 3.787
7200.000 3.638
7210.000 3.570
7220.000 3.452
7230.000 3.347
7240.000 3.283
7250.000 3.169
7260.000 3.120
7270.000 3.032
7280.000 2.949
7290.000 2.906
7300.000 2.809
7310.000 2.787
7320.000 2.694
7330.000 2.638
7340.000 2.597
7350.000 2.552
7360.000 2.508
7370.000 2.455
7380.000 2.381
7390.000 2.359
7400.000 2.308
7410.000 2.285
7420.000 2.226
7430.000 2.187
7440.000 2.159
7450.000 2.112
7460.000 2.066
7470.000 2.021
7480.000 1.993
7490.000 1.984
7500.000 2.074
7510.000 2.133
7520.000 2.181
7530.000 2.162
7540.000 2.136
7550.000 2.102
7560.000 2.073
7570.000 2.057
7580.000 2.023
7590.000 1.997
7600.000 1.999
7610.000 1.984
7620.000 1.959
7630.000 1.932
7640.000 1.933
7650.000 1.922
7660.000 1.897
7670.000 1.892
7680.000 1.887
7690.000 1.868
7700.000 1.868
7710.000 1.862
7720.000 1.857
7730.000 1.861
7740.000 1.852
7750.000 1.853
7760.000 1.854
7770.000 1.847
7780.000 1.849
7790.000 1.850
7800.000 1.844
7810.000 1.849
7820.000 1.843
7830.000 1.845
7840.000 1.858
7850.000 1.844
7860.000 1.854
7870.000 1.856
7880.000 1.864
7890.000 1.876
7900.000 1.893
7910.000 1.899
7920.000 1.913
7930.000 1.911
7940.000 1.958
7950.000 2.037
7960.000 2.077
7970.000 2.072
7980.000 2.066
7990.000 2.068
8000.000 2.075
8010.000 2.081
8020.000 2.118
8030.000 2.119
8040.000 2.146
8050.000 2.169
8060.000 2.172
8070.000 2.197
8080.000 2.215
8090.000 2.236
8100.000 2.243
8110.000 2.243
8120.000 2.241
8130.000 2.252
8140.000 2.289
8150.000 2.321
8160.000 2.370
8170.000 2.462
8180.000 2.499
8190.000 2.568
8200.000 2.633
8210.000 2.681
8220.000 2.756
8230.000 2.782
8240.000 2.866
8250.000 2.929
8260.000 2.989
8270.000 3.078
8280.000 3.130
8290.000 3.227
8300.000 3.339
8310.000 3.400
8320.000 3.529
8330.000 3.597
8340.000 3.744
8350.000 3.894
8360.000 4.008
8370.000 4.177
8380.000 4.281
8390.000 4.500
8400.000 4.755
8410.000 4.886
8420.000 5.178
8430.000 5.349
8440.000 5.712
8450.000 6.138
8460.000 6.368
8470.000 6.916
8480.000 7.232
8490.000 7.926
8500.000 8.869
8510.000 9.385
8520.000 10.633
8530.000 11.391
8540.000 13.259
8550.000 15.660
8560.000 17.311
8570.000 21.595
8580.000 24.481
8590.000 32.076
8600.000 40.593
8610.000 43.079
8620.000 38.608
8630.000 33.253
8640.000 24.331
8650.000 18.786
8660.000 16.821
8670.000 14.059
8680.000 12.979
8690.000 11.141
8700.000 9.653
8710.000 9.062
8720.000 8.083
8730.000 7.679
8740.000 6.944
8750.000 6.342
8760.000 6.089
8770.000 5.623
8780.000 5.415
8790.000 5.048
8800.000 4.727
8810.000 4.582
8820.000 4.339
8830.000 4.201
8840.000 3.978
8850.000 3.785
8860.000 3.686
8870.000 3.525
8880.000 3.442
8890.000 3.294
8900.000 3.162
8910.000 3.102
8920.000 2.976
8930.000 2.935
8940.000 2.815
8950.000 2.729
8960.000 2.680
8970.000 2.587
8980.000 2.556
8990.000 2.484
9000.000 2.440
9010.000 2.365
9020.000 2.312
9030.000 2.284
9040.000 2.221
9050.000 2.194
9060.000 2.142
9070.000 2.090
9080.000 2.073
9090.000 2.019
9100.000 2.001
9110.000 1.966
9120.000 1.929
9130.000 1.902
9140.000 1.869
9150.000 1.853
9160.000 1.828
9170.000 1.789
9180.000 1.783
9190.000 1.757
9200.000 1.735
9210.000 1.717
9220.000 1.698
9230.000 1.691
9240.000 1.658
9250.000 1.648
9260.000 1.626
9270.000 1.614
9280.000 1.599
9290.000 1.588
9300.000 1.586
9310.000 1.564
9320.000 1.561
9330.000 1.535
9340.000 1.543
9350.000 1.516
9360.000 1.508
9370.000 1.500
9380.000 1.508
9390.000 1.490
9400.000 1.486
9410.000 1.476
9420.000 1.481
9430.000 1.478
9440.000 1.472
9450.000 1.479
9460.000 1.465
9470.000 1.436
9480.000 1.414
9490.000 1.407
9500.000 1.421
9510.000 1.457
9520.000 1.433
9530.000 1.448
9540.000 1.442
9550.000 1.452
9560.000 1.442
9570.000 1.439
9580.000 1.454
9590.000 1.454
9600.000 1.440
9610.000 1.460
9620.000 1.456
9630.000 1.459
9640.000 1.461
9650.000 1.470
9660.000 1.483
9670.000 1.489
9680.000 1.486
9690.000 1.493
9700.000 1.493
9710.000 1.514
9720.000 1.527
9730.000 1.534
9740.000 1.551
9750.000 1.552
9760.000 1.556
9770.000 1.587
9780.000 1.579
9790.000 1.616
9800.000 1.604
9810.000 1.633
9820.000 1.669
9830.000 1.660
9840.000 1.696
9850.000 1.701
9860.000 1.717
9870.000 1.753
9880.000 1.758
9890.000 1.799
9900.000 1.826
9910.000 1.861
9920.000 1.893
9930.000 1.925
9940.000 1.955
9950.000 1.982
9960.000 2.027
9970.000 2.077
9980.000 2.103
9990.000 2.169
10000.000 2.205
10010.000 2.283
10020.000 2.337
10030.000 2.400
10040.000 2.482
10050.000 2.532
10060.000 2.637
10070.000 2.740
10080.000 2.798
10090.000 2.917
10100.000 2.991
10110.000 3.144
10120.000 3.317
10130.000 3.417
10140.000 3.635
10150.000 3.762
10160.000 4.009
10170.000 4.153
10180.000 4.473
10190.000 4.865
10200.000 5.082
10210.000 5.610
10220.000 5.897
10230.000 6.604
10240.000 7.491
10250.000 8.053
10260.000 9.414
10270.000 10.258
10280.000 12.508
10290.000 15.664
10300.000 17.618
10310.000 22.257
10320.000 24.341
10330.000 25.243
10340.000 20.761
10350.000 18.021
10360.000 13.587
10370.000 12.077
10380.000 9.767
10390.000 8.159
10400.000 7.549
10410.000 6.533
10420.000 6.092
10430.000 5.434
10440.000 4.882
10450.000 4.626
10460.000 4.203
10470.000 4.017
10480.000 3.689
10490.000 3.414
10500.000 3.297
10510.000 3.085
10520.000 2.983
10530.000 2.876
10540.000 2.771
10550.000 2.730
10560.000 2.583
10570.000 2.529
10580.000 2.421
10590.000 2.326
10600.000 2.289
10610.000 2.197
10620.000 2.152
10630.000 2.068
10640.000 1.989
10650.000 1.967
10660.000 1.884
10670.000 1.859
10680.000 1.782
10690.000 1.734
10700.000 1.699
10710.000 1.640
10720.000 1.607
10730.000 1.567
10740.000 1.515
10750.000 1.498
10760.000 1.463
10770.000 1.423
10780.000 1.406
10790.000 1.364
10800.000 1.361
10810.000 1.318
10820.000 1.300
10830.000 1.276
10840.000 1.254
10850.000 1.242
10860.000 1.210
10870.000 1.198
10880.000 1.183
10890.000 1.155
10900.000 1.151
10910.000 1.123
10920.000 1.133
10930.000 1.109
10940.000 1.078
10950.000 1.089
10960.000 1.069
10970.000 1.054
10980.000 1.053
10990.000 1.035
11000.000 1.034
11010.000 1.020
11020.000 1.018
11030.000 1.001
11040.000 0.990
11050.000 0.989
11060.000 0.980
11070.000 0.965
11080.000 0.972
11090.000 0.957
11100.000 0.953
11110.000 0.956
11120.000 0.947
11130.000 0.946
11140.000 0.937
11150.000 0.943
11160.000 0.941
11170.000 0.935
11180.000 0.937
11190.000 0.926
11200.000 0.926
11210.000 0.926
11220.000 0.919
11230.000 0.916
11240.000 0.926
11250.000 0.912
11260.000 0.927
11270.000 0.910
11280.000 0.918
11290.000 0.919
11300.000 0.920
11310.000 0.933
11320.000 0.920
11330.000 0.936
11340.000 0.931
11350.000 0.936
11360.000 0.939
11370.000 0.948
11380.000 0.948
11390.000 0.945
11400.000 0.949
11410.000 0.954
11420.000 0.964
11430.000 0.971
11440.000 0.979
11450.000 0.978
11460.000 0.995
11470.000 0.997
11480.000 1.009
11490.000 1.023
11500.000 1.024
11510.000 1.036
11520.000 1.047
11530.000 1.064
11540.000 1.071
11550.000 1.087
11560.000 1.099
11570.000 1.115
11580.000 1.134
11590.000 1.138
11600.000 1.161
11610.000 1.186
11620.000 1.200
11630.000 1.222
11640.000 1.232
11650.000 1.262
11660.000 1.286
11670.000 1.307
11680.000 1.344
11690.000 1.346
11700.000 1.405
11710.000 1.464
11720.000 1.489
11730.000 1.556
11740.000 1.591
11750.000 1.630
11760.000 1.686
11770.000 1.715
11780.000 1.784
11790.000 1.824
11800.000 1.906
11810.000 1.998
11820.000 2.044
11830.000 2.153
11840.000 2.212
11850.000 2.336
11860.000 2.501
11870.000 2.581
11880.000 2.769
11890.000 2.867
11900.000 3.112
11910.000 3.400
11920.000 3.570
11930.000 3.969
11940.000 4.185
11950.000 4.725
11960.000 5.411
11970.000 5.804
11980.000 6.813
11990.000 7.430
12000.000 8.875
