110.000 0.778
120.000 0.593
130.000 0.882
140.000 0.896
150.000 0.557
160.000 0.823
170.000 1.317
180.000 0.911
190.000 1.093
200.000 1.316
210.000 1.239
220.000 1.429
230.000 1.722
240.000 1.573
250.000 1.714
260.000 1.580
270.000 1.860
280.000 1.765
290.000 2.266
300.000 2.310
310.000 2.374
320.000 2.645
330.000 2.707
340.000 2.793
350.000 3.702
360.000 4.266
370.000 3.488
380.000 3.637
390.000 4.654
400.000 5.718
410.000 6.291
420.000 7.371
430.000 7.982
440.000 9.578
450.000 11.564
460.000 13.437
470.000 15.077
480.000 14.969
490.000 17.058
500.000 17.984
510.000 18.738
520.000 20.230
530.000 23.202
540.000 24.523
550.000 29.558
560.000 32.927
570.000 44.079
580.000 53.210
590.000 77.659
600.000 61.639
610.000 37.351
620.000 20.929
630.000 18.673
640.000 11.785
650.000 9.056
660.000 7.980
670.000 6.227
680.000 5.724
690.000 4.753
700.000 4.019
710.000 3.699
720.000 3.226
730.000 2.990
740.000 2.601
750.000 2.334
760.000 2.221
770.000 2.005
780.000 1.840
790.000 1.676
800.000 1.534
810.000 1.484
820.000 1.364
830.000 1.325
840.000 1.241
850.000 1.295
860.000 1.028
870.000 1.050
880.000 0.905
890.000 0.953
900.000 0.883
910.000 0.944
920.000 0.769
930.000 0.764
940.000 0.692
950.000 0.704
960.000 0.746
970.000 0.736
980.000 0.775
990.000 0.870
1000.000 0.751
1010.000 0.772
1020.000 0.767
1030.000 0.811
1040.000 0.851
1050.000 1.323
1060.000 1.082
1070.000 1.379
1080.000 1.235
1090.000 2.198
1100.000 1.680
1110.000 1.762
1120.000 2.901
1130.000 3.210
1140.000 5.547
1150.000 6.994
1160.000 10.422
1170.000 6.599
1180.000 5.174
1190.000 3.492
1200.000 3.238
1210.000 2.746
1220.000 2.323
1230.000 2.069
1240.000 1.746
1250.000 1.950
1260.000 1.734
1270.000 1.579
1280.000 1.575
1290.000 1.527
1300.000 1.485
1310.000 1.454
1320.000 1.472
1330.000 1.445
1340.000 1.409
1350.000 1.428
1360.000 1.423
1370.000 1.421
1380.000 1.431
1390.000 1.467
1400.000 1.483
1410.000 1.571
1420.000 1.544
1430.000 1.608
1440.000 1.654
1450.000 1.677
1460.000 1.724
1470.000 1.878
1480.000 1.894
1490.000 1.971
1500.000 2.021
1510.000 2.121
1520.000 2.299
1530.000 2.352
1540.000 2.512
1550.000 2.561
1560.000 2.838
1570.000 3.047
1580.000 3.112
1590.000 3.478
1600.000 3.618
1610.000 4.083
1620.000 4.459
1630.000 4.779
1640.000 5.276
1650.000 5.733
1660.000 6.689
1670.000 7.884
1680.000 8.577
1690.000 9.750
1700.000 11.834
1710.000 15.056
1720.000 18.742
1730.000 19.680
1740.000 16.414
1750.000 14.071
1760.000 11.010
1770.000 9.568
1780.000 9.073
1790.000 8.512
1800.000 10.285
1810.000 7.882
1820.000 7.574
1830.000 7.523
1840.000 7.282
1850.000 7.094
1860.000 6.992
1870.000 6.899
1880.000 6.792
1890.000 6.758
1900.000 6.723
1910.000 6.646
1920.000 6.597
1930.000 6.621
1940.000 6.588
1950.000 6.586
1960.000 6.609
1970.000 6.657
1980.000 6.713
1990.000 6.689
2000.000 6.769
2010.000 6.829
2020.000 6.908
2030.000 6.966
2040.000 7.069
2050.000 7.125
2060.000 7.318
2070.000 7.332
2080.000 7.513
2090.000 7.675
2100.000 7.798
2110.000 7.992
2120.000 8.117
2130.000 8.397
2140.000 8.676
2150.000 8.863
2160.000 9.248
2170.000 9.474
2180.000 9.968
2190.000 10.555
2200.000 10.883
2210.000 11.748
2220.000 12.151
2230.000 13.367
2240.000 14.869
2250.000 15.781
2260.000 18.165
2270.000 19.636
2280.000 23.294
2290.000 28.814
2300.000 31.714
2310.000 38.246
2320.000 40.408
2330.000 38.560
2340.000 30.511
2350.000 26.565
2360.000 20.639
2370.000 18.229
2380.000 14.806
2390.000 12.330
2400.000 11.351
2410.000 9.862
2420.000 9.220
2430.000 8.158
2440.000 7.345
2450.000 6.974
2460.000 6.383
2470.000 6.128
2480.000 5.683
2490.000 5.284
2500.000 5.113
2510.000 4.800
2520.000 4.686
2530.000 4.477
2540.000 4.268
2550.000 4.187
2560.000 4.039
2570.000 4.001
2580.000 3.866
2590.000 3.769
2600.000 3.754
2610.000 3.704
2620.000 3.674
2630.000 3.651
2640.000 3.624
2650.000 3.642
2660.000 3.654
2670.000 3.669
2680.000 3.719
2690.000 3.793
2700.000 3.839
2710.000 3.942
2720.000 4.006
2730.000 4.187
2740.000 4.381
2750.000 4.517
2760.000 4.779
2770.000 4.951
2780.000 5.352
2790.000 5.877
2800.000 6.189
2810.000 6.975
2820.000 7.497
2830.000 8.798
2840.000 10.731
2850.000 12.086
2860.000 16.076
2870.000 19.060
2880.000 27.829
2890.000 36.085
2900.000 33.866
2910.000 20.105
2920.000 16.218
2930.000 11.537
2940.000 8.909
2950.000 8.019
2960.000 6.648
2970.000 6.116
2980.000 5.296
2990.000 4.680
3000.000 4.423
3010.000 3.996
3020.000 3.803
3030.000 3.498
3040.000 3.267
3050.000 3.136
3060.000 2.935
3070.000 2.875
3080.000 2.724
3090.000 2.597
3100.000 2.545
3110.000 2.461
3120.000 2.421
3130.000 2.360
3140.000 2.318
3150.000 2.279
3160.000 2.236
3170.000 2.239
3180.000 2.196
3190.000 2.200
3200.000 2.202
3210.000 2.200
3220.000 2.214
3230.000 2.233
3240.000 2.261
3250.000 2.304
3260.000 2.349
3270.000 2.403
3280.000 2.483
3290.000 2.525
3300.000 2.656
3310.000 2.789
3320.000 2.882
3330.000 3.083
3340.000 3.189
3350.000 3.467
3360.000 3.825
3370.000 4.025
3380.000 4.582
3390.000 4.929
3400.000 5.818
3410.000 7.102
3420.000 8.007
3430.000 10.691
3440.000 12.677
3450.000 19.023
3460.000 26.525
3470.000 26.188
3480.000 15.105
3490.000 11.975
3500.000 8.460
3510.000 6.406
3520.000 5.789
3530.000 4.820
3540.000 4.433
3550.000 3.796
3560.000 3.373
3570.000 3.219
3580.000 2.908
3590.000 2.768
3600.000 2.554
3610.000 2.379
3620.000 2.298
3630.000 2.161
3640.000 2.098
3650.000 2.000
3660.000 1.907
3670.000 1.891
3680.000 1.809
3690.000 1.794
3700.000 1.742
3710.000 1.701
3720.000 1.695
3730.000 1.664
3740.000 1.652
3750.000 1.640
3760.000 1.629
3770.000 1.630
3780.000 1.634
3790.000 1.654
3800.000 1.664
3810.000 1.692
3820.000 1.701
3830.000 1.738
3840.000 1.766
3850.000 1.828
3860.000 1.907
3870.000 1.937
3880.000 2.050
3890.000 2.114
3900.000 2.247
3910.000 2.430
3920.000 2.521
3930.000 2.769
3940.000 2.911
3950.000 3.265
3960.000 3.768
3970.000 4.084
3980.000 4.909
3990.000 5.497
4000.000 7.176
4010.000 10.163
4020.000 12.438
4030.000 18.701
4040.000 20.714
4050.000 14.041
4060.000 8.348
4070.000 6.934
4080.000 5.193
4090.000 4.606
4100.000 3.770
4110.000 3.184
4120.000 2.968
4130.000 2.602
4140.000 2.446
4150.000 2.218
4160.000 2.019
4170.000 1.934
4180.000 1.784
4190.000 1.720
4200.000 1.616
4210.000 1.541
4220.000 1.505
4230.000 1.435
4240.000 1.408
4250.000 1.366
4260.000 1.326
4270.000 1.301
4280.000 1.274
4290.000 1.269
4300.000 1.244
4310.000 1.241
4320.000 1.221
4330.000 1.184
4340.000 1.193
4350.000 1.160
4360.000 1.133
4370.000 1.130
4380.000 1.134
4390.000 1.148
4400.000 1.169
4410.000 1.214
4420.000 1.246
4430.000 1.311
4440.000 1.341
4450.000 1.430
4460.000 1.491
4470.000 1.600
4480.000 1.744
4490.000 1.827
4500.000 2.037
4510.000 2.153
4520.000 2.462
4530.000 2.854
4540.000 3.099
4550.000 3.770
4560.000 4.203
4570.000 5.446
4580.000 7.562
4590.000 9.212
4600.000 14.029
4610.000 16.454
4620.000 14.642
4630.000 8.638
4640.000 7.168
4650.000 5.426
4660.000 4.848
4670.000 4.039
4680.000 3.515
4690.000 3.312
4700.000 2.995
4710.000 2.851
4720.000 2.646
4730.000 2.483
4740.000 2.410
4750.000 2.288
4760.000 2.233
4770.000 2.130
4780.000 2.015
4790.000 1.958
4800.000 1.855
4810.000 1.797
4820.000 1.663
4830.000 1.551
4840.000 1.491
4850.000 1.377
4860.000 1.321
4870.000 1.237
4880.000 1.156
4890.000 1.126
4900.000 1.107
4910.000 1.093
4920.000 1.131
4930.000 1.182
4940.000 1.236
4950.000 1.352
4960.000 1.426
4970.000 1.615
4980.000 1.842
4990.000 1.945
5000.000 2.257
5010.000 2.433
5020.000 2.838
5030.000 3.044
5040.000 3.549
5050.000 4.157
5060.000 4.504
5070.000 5.307
5080.000 5.790
5090.000 6.885
5100.000 8.264
5110.000 9.084
5120.000 11.159
5130.000 12.477
5140.000 15.976
5150.000 21.238
5160.000 25.073
5170.000 36.330
5180.000 43.387
5190.000 51.126
5200.000 35.114
5210.000 27.608
5220.000 18.777
5230.000 15.910
5240.000 11.668
5250.000 9.377
5260.000 8.823
5270.000 8.007
5280.000 7.666
5290.000 7.056
5300.000 6.546
5310.000 6.294
5320.000 5.850
5330.000 5.638
5340.000 5.271
5350.000 4.925
5360.000 4.771
5370.000 4.496
5380.000 4.373
5390.000 4.147
5400.000 3.944
5410.000 3.865
5420.000 3.721
5430.000 3.661
5440.000 3.535
5450.000 3.440
5460.000 3.398
5470.000 3.345
5480.000 3.319
5490.000 3.283
5500.000 3.259
5510.000 3.267
5520.000 3.278
5530.000 3.297
5540.000 3.346
5550.000 3.417
5560.000 3.451
5570.000 3.553
5580.000 3.609
5590.000 3.758
5600.000 3.910
5610.000 4.037
5620.000 4.296
5630.000 4.446
5640.000 4.787
5650.000 5.217
5660.000 5.488
5670.000 6.126
5680.000 6.512
5690.000 7.543
5700.000 8.981
5710.000 9.971
5720.000 12.685
5730.000 14.696
5740.000 20.798
5750.000 30.108
5760.000 33.926
5770.000 27.667
5780.000 20.851
5790.000 13.787
5800.000 10.221
5810.000 9.046
5820.000 7.327
5830.000 6.709
5840.000 5.718
5850.000 5.034
5860.000 4.733
5870.000 4.240
5880.000 4.044
5890.000 3.711
5900.000 3.421
5910.000 3.315
5920.000 3.105
5930.000 3.027
5940.000 2.864
5950.000 2.739
5960.000 2.670
5970.000 2.591
5980.000 2.554
5990.000 2.475
6000.000 2.415
6010.000 2.396
6020.000 2.354
6030.000 2.338
6040.000 2.313
6050.000 2.317
6060.000 2.311
6070.000 2.314
6080.000 2.331
6090.000 2.353
6100.000 2.399
6110.000 2.415
6120.000 2.471
6130.000 2.509
6140.000 2.595
6150.000 2.684
6160.000 2.759
6170.000 2.891
6180.000 2.979
6190.000 3.164
6200.000 3.394
6210.000 3.543
6220.000 3.877
6230.000 4.072
6240.000 4.554
6250.000 4.836
6260.000 5.566
6270.000 6.591
6280.000 7.280
6290.000 9.188
6300.000 10.486
6310.000 14.574
6320.000 21.459
6330.000 25.641
6340.000 27.146
6350.000 21.583
6360.000 13.147
6370.000 9.406
6380.000 8.257
6390.000 6.596
6400.000 6.012
6410.000 5.095
6420.000 4.458
6430.000 4.186
6440.000 3.755
6450.000 3.591
6460.000 3.281
6470.000 3.022
6480.000 2.924
6490.000 2.756
6500.000 2.673
6510.000 2.549
6520.000 2.453
6530.000 2.379
6540.000 2.300
6550.000 2.264
6560.000 2.201
6570.000 2.153
6580.000 2.139
6590.000 2.106
6600.000 2.092
6610.000 2.079
6620.000 2.070
6630.000 2.082
6640.000 2.084
6650.000 2.095
6660.000 2.128
6670.000 2.166
6680.000 2.173
6690.000 2.229
6700.000 2.269
6710.000 2.352
6720.000 2.424
6730.000 2.487
6740.000 2.605
6750.000 2.690
6760.000 2.851
6770.000 3.037
6780.000 3.175
6790.000 3.450
6800.000 3.630
6810.000 4.051
6820.000 4.590
6830.000 4.942
6840.000 5.778
6850.000 6.337
6860.000 7.857
6870.000 10.287
6880.000 12.082
6890.000 17.348
6900.000 20.747
6910.000 24.824
6920.000 17.089
6930.000 13.522
6940.000 9.464
6950.000 8.192
6960.000 6.507
6970.000 5.407
6980.000 4.974
6990.000 4.306
7000.000 4.047
7010.000 3.608
7020.000 3.270
7030.000 3.126
7040.000 2.891
7050.000 2.788
7060.000 2.607
7070.000 2.474
7080.000 2.401
7090.000 2.297
7100.000 2.258
7110.000 2.184
7120.000 2.100
7130.000 2.077
7140.000 2.049
7150.000 2.013
7160.000 1.992
7170.000 1.958
7180.000 1.953
7190.000 1.944
7200.000 1.948
7210.000 1.949
7220.000 1.965
7230.000 1.966
7240.000 2.025
7250.000 2.029
7260.000 2.077
7270.000 2.132
7280.000 2.168
7290.000 2.238
7300.000 2.264
7310.000 2.373
7320.000 2.506
7330.000 2.584
7340.000 2.737
7350.000 2.829
7360.000 3.076
7370.000 3.351
7380.000 3.503
7390.000 3.914
7400.000 4.204
7410.000 4.857
7420.000 5.272
7430.000 6.381
7440.000 8.033
7450.000 9.224
7460.000 12.780
7470.000 15.252
7480.000 20.481
7490.000 18.492
7500.000 14.869
7510.000 10.966
7520.000 9.463
7530.000 7.274
7540.000 5.855
7550.000 5.345
7560.000 4.535
7570.000 4.207
7580.000 3.709
7590.000 3.331
7600.000 3.164
7610.000 2.896
7620.000 2.785
7630.000 2.587
7640.000 2.430
7650.000 2.360
7660.000 2.238
7670.000 2.195
7680.000 2.096
7690.000 2.038
7700.000 2.000
7710.000 1.966
7720.000 1.934
7730.000 1.896
7740.000 1.858
7750.000 1.853
7760.000 1.856
7770.000 1.854
7780.000 1.845
7790.000 1.867
7800.000 1.859
7810.000 1.887
7820.000 1.897
7830.000 1.940
7840.000 2.000
7850.000 2.023
7860.000 2.104
7870.000 2.137
7880.000 2.229
7890.000 2.349
7900.000 2.416
7910.000 2.570
7920.000 2.654
7930.000 2.866
7940.000 3.118
7950.000 3.277
7960.000 3.667
7970.000 3.922
7980.000 4.554
7990.000 5.437
8000.000 6.004
8010.000 7.464
8020.000 8.369
8030.000 10.384
8040.000 14.352
8050.000 17.208
8060.000 20.104
8070.000 17.624
8080.000 11.159
8090.000 7.962
8100.000 6.976
8110.000 5.561
8120.000 5.062
8130.000 4.371
8140.000 3.864
8150.000 3.615
8160.000 3.210
8170.000 3.057
8180.000 2.781
8190.000 2.577
8200.000 2.476
8210.000 2.323
8220.000 2.250
8230.000 2.137
8240.000 2.027
8250.000 1.982
8260.000 1.915
8270.000 1.904
8280.000 1.919
8290.000 1.872
8300.000 1.862
8310.000 1.831
8320.000 1.816
8330.000 1.805
8340.000 1.794
8350.000 1.805
8360.000 1.815
8370.000 1.812
8380.000 1.848
8390.000 1.870
8400.000 1.909
8410.000 1.960
8420.000 1.991
8430.000 2.086
8440.000 2.119
8450.000 2.065
8460.000 1.992
8470.000 2.071
8480.000 2.253
8490.000 2.433
8500.000 2.534
8510.000 2.767
8520.000 2.907
8530.000 3.212
8540.000 3.634
8550.000 3.895
8560.000 4.514
8570.000 4.925
8580.000 6.008
8590.000 6.864
8600.000 9.037
8610.000 12.651
8620.000 14.952
8630.000 17.958
8640.000 16.644
8650.000 10.897
8660.000 8.164
8670.000 7.546
8680.000 6.111
8690.000 5.434
8700.000 4.473
8710.000 3.806
8720.000 3.550
8730.000 3.146
8740.000 2.972
8750.000 2.691
8760.000 2.488
8770.000 2.390
8780.000 2.229
8790.000 2.170
8800.000 2.043
8810.000 1.945
8820.000 1.898
8830.000 1.821
8840.000 1.798
8850.000 1.741
8860.000 1.701
8870.000 1.685
8880.000 1.643
8890.000 1.656
8900.000 1.640
8910.000 1.628
8920.000 1.611
8930.000 1.602
8940.000 1.598
8950.000 1.612
8960.000 1.642
8970.000 1.647
8980.000 1.683
8990.000 1.692
9000.000 1.761
9010.000 1.825
9020.000 1.850
9030.000 1.939
9040.000 1.984
9050.000 2.084
9060.000 2.228
9070.000 2.302
9080.000 2.484
9090.000 2.600
9100.000 2.880
9110.000 3.208
9120.000 3.422
9130.000 3.946
9140.000 4.288
9150.000 5.166
9160.000 6.440
9170.000 7.223
9180.000 9.105
9190.000 10.410
9200.000 14.010
9210.000 14.936
9220.000 12.896
9230.000 8.706
9240.000 7.421
9250.000 5.621
9260.000 4.532
9270.000 4.124
9280.000 3.518
9290.000 3.270
9300.000 2.875
9310.000 2.595
9320.000 2.473
9330.000 2.257
9340.000 2.184
9350.000 2.021
9360.000 1.904
9370.000 1.846
9380.000 1.758
9390.000 1.711
9400.000 1.632
9410.000 1.590
9420.000 1.557
9430.000 1.506
9440.000 1.506
9450.000 1.467
9460.000 1.443
9470.000 1.431
9480.000 1.427
9490.000 1.426
9500.000 1.420
9510.000 1.407
9520.000 1.422
9530.000 1.430
9540.000 1.447
9550.000 1.473
9560.000 1.498
9570.000 1.518
9580.000 1.556
9590.000 1.604
9600.000 1.659
9610.000 1.748
9620.000 1.782
9630.000 1.899
9640.000 1.950
9650.000 2.092
9660.000 2.271
9670.000 2.379
9680.000 2.643
9690.000 2.789
9700.000 3.177
9710.000 3.718
9720.000 4.053
9730.000 4.961
9740.000 5.601
9750.000 7.337
9760.000 9.909
9770.000 11.326
9780.000 11.879
9790.000 10.336
9800.000 7.444
9810.000 6.757
9820.000 5.682
9830.000 4.507
9840.000 4.054
9850.000 3.333
9860.000 3.087
9870.000 2.677
9880.000 2.371
9890.000 2.244
9900.000 2.040
9910.000 1.942
9920.000 1.806
9930.000 1.684
9940.000 1.624
9950.000 1.533
9960.000 1.494
9970.000 1.426
9980.000 1.368
9990.000 1.338
10000.000 1.306
10010.000 1.276
10020.000 1.251
10030.000 1.219
10040.000 1.211
10050.000 1.208
10060.000 1.198
10070.000 1.184
10080.000 1.177
10090.000 1.164
10100.000 1.178
10110.000 1.185
10120.000 1.193
10130.000 1.192
10140.000 1.218
10150.000 1.286
10160.000 1.371
10170.000 1.480
10180.000 1.529
10190.000 1.549
10200.000 1.631
10210.000 1.671
10220.000 1.778
10230.000 1.919
10240.000 2.005
10250.000 2.195
10260.000 2.319
10270.000 2.603
10280.000 3.037
10290.000 3.284
10300.000 3.988
10310.000 4.466
10320.000 5.739
10330.000 7.730
10340.000 8.971
10350.000 11.166
10360.000 11.096
10370.000 8.054
10380.000 5.701
10390.000 4.922
10400.000 3.842
10410.000 3.459
10420.000 2.886
10430.000 2.465
10440.000 2.308
10450.000 2.045
10460.000 1.932
10470.000 1.735
10480.000 1.603
10490.000 1.535
10500.000 1.439
10510.000 1.397
10520.000 1.363
10530.000 1.315
10540.000 1.290
10550.000 1.218
10560.000 1.188
10570.000 1.150
10580.000 1.104
10590.000 1.087
10600.000 1.065
10610.000 1.065
10620.000 1.054
10630.000 1.044
10640.000 1.045
10650.000 1.067
10660.000 1.066
10670.000 1.071
10680.000 1.088
10690.000 1.107
10700.000 1.119
10710.000 1.139
10720.000 1.173
10730.000 1.199
10740.000 1.226
10750.000 1.276
10760.000 1.312
10770.000 1.370
10780.000 1.453
10790.000 1.503
10800.000 1.605
10810.000 1.677
10820.000 1.836
10830.000 2.058
10840.000 2.188
10850.000 2.485
10860.000 2.681
10870.000 3.194
10880.000 3.929
10890.000 4.417
10900.000 5.598
10910.000 6.266
10920.000 7.747
10930.000 9.042
10940.000 8.688
10950.000 6.447
10960.000 5.411
10970.000 4.004
10980.000 3.547
10990.000 2.892
11000.000 2.421
11010.000 2.249
11020.000 1.987
11030.000 1.859
11040.000 1.666
11050.000 1.511
11060.000 1.453
11070.000 1.364
11080.000 1.294
11090.000 1.228
11100.000 1.162
11110.000 1.132
11120.000 1.080
11130.000 1.073
11140.000 1.031
11150.000 1.000
11160.000 0.989
11170.000 0.968
11180.000 0.962
11190.000 0.951
11200.000 0.945
11210.000 0.936
11220.000 0.938
11230.000 0.933
11240.000 0.934
11250.000 0.961
11260.000 0.969
11270.000 0.986
11280.000 0.992
11290.000 1.029
11300.000 1.037
11310.000 1.034
11320.000 1.029
11330.000 1.052
11340.000 1.115
11350.000 1.189
11360.000 1.231
11370.000 1.332
11380.000 1.379
11390.000 1.505
11400.000 1.674
11410.000 1.773
11420.000 1.989
11430.000 2.128
11440.000 2.513
11450.000 3.044
11460.000 3.402
11470.000 4.341
11480.000 4.954
11490.000 6.604
11500.000 7.792
11510.000 7.562
11520.000 5.669
11530.000 4.791
11540.000 3.584
11550.000 2.842
11560.000 2.545
11570.000 2.132
11580.000 1.981
11590.000 1.719
11600.000 1.629
11610.000 1.471
11620.000 1.339
11630.000 1.277
11640.000 1.183
11650.000 1.142
11660.000 1.080
11670.000 1.016
11680.000 0.997
11690.000 0.946
11700.000 0.930
11710.000 0.900
11720.000 0.853
11730.000 0.821
11740.000 0.791
11750.000 0.790
11760.000 0.774
11770.000 0.777
11780.000 0.768
11790.000 0.780
11800.000 0.777
11810.000 0.786
11820.000 0.789
11830.000 0.797
11840.000 0.803
11850.000 0.811
11860.000 0.831
11870.000 0.862
11880.000 0.871
11890.000 0.901
11900.000 0.924
11910.000 0.965
11920.000 1.016
11930.000 1.049
11940.000 1.136
11950.000 1.159
11960.000 1.272
11970.000 1.387
11980.000 1.462
11990.000 1.651
12000.000 1.769
