110.000 1.636
120.000 0.921
130.000 2.101
140.000 2.567
150.000 2.462
160.000 1.322
170.000 2.236
180.000 1.519
190.000 1.253
200.000 1.285
210.000 1.376
220.000 1.654
230.000 1.680
240.000 1.694
250.000 2.346
260.000 2.275
270.000 2.232
280.000 1.770
290.000 2.425
300.000 2.444
310.000 2.669
320.000 2.751
330.000 2.786
340.000 2.920
350.000 3.454
360.000 3.184
370.000 3.672
380.000 4.016
390.000 4.146
400.000 4.293
410.000 5.063
420.000 6.153
430.000 6.105
440.000 6.915
450.000 7.191
460.000 7.852
470.000 8.364
480.000 8.512
490.000 8.370
500.000 8.425
510.000 8.115
520.000 8.188
530.000 7.473
540.000 6.639
550.000 7.017
560.000 6.582
570.000 5.593
580.000 5.842
590.000 5.489
600.000 5.463
610.000 5.016
620.000 4.863
630.000 4.650
640.000 4.568
650.000 4.429
660.000 4.288
670.000 4.197
680.000 4.137
690.000 3.967
700.000 3.920
710.000 4.013
720.000 4.911
730.000 4.152
740.000 4.253
750.000 4.231
760.000 4.420
770.000 4.689
780.000 4.737
790.000 5.162
800.000 5.616
810.000 6.140
820.000 7.073
830.000 7.445
840.000 9.756
850.000 11.208
860.000 15.241
870.000 20.188
880.000 20.631
890.000 12.368
900.000 8.912
910.000 5.822
920.000 3.935
930.000 3.460
940.000 2.550
950.000 2.273
960.000 1.882
970.000 1.665
980.000 1.496
990.000 2.394
1000.000 2.654
1010.000 1.622
1020.000 1.064
1030.000 1.028
1040.000 0.905
1050.000 1.063
1060.000 0.821
1070.000 0.772
1080.000 0.719
1090.000 0.734
1100.000 0.715
1110.000 0.705
1120.000 0.749
1130.000 0.730
1140.000 0.698
1150.000 0.692
1160.000 0.753
1170.000 0.751
1180.000 0.760
1190.000 0.796
1200.000 0.793
1210.000 0.894
1220.000 0.865
1230.000 0.897
1240.000 0.882
1250.000 0.925
1260.000 0.990
1270.000 0.988
1280.000 1.028
1290.000 1.039
1300.000 1.114
1310.000 1.129
1320.000 1.143
1330.000 1.199
1340.000 1.288
1350.000 1.288
1360.000 1.404
1370.000 1.407
1380.000 1.471
1390.000 1.608
1400.000 1.511
1410.000 1.729
1420.000 1.731
1430.000 1.820
1440.000 1.973
1450.000 1.996
1460.000 2.154
1470.000 2.233
1480.000 2.417
1490.000 2.597
1500.000 2.669
1510.000 2.872
1520.000 3.024
1530.000 3.249
1540.000 3.488
1550.000 3.730
1560.000 4.087
1570.000 4.302
1580.000 4.681
1590.000 5.238
1600.000 5.322
1610.000 6.199
1620.000 6.630
1630.000 7.573
1640.000 8.642
1650.000 9.317
1660.000 11.000
1670.000 12.020
1680.000 14.318
1690.000 17.290
1700.000 18.587
1710.000 21.731
1720.000 23.172
1730.000 21.949
1740.000 18.028
1750.000 16.344
1760.000 13.066
1770.000 12.246
1780.000 11.213
1790.000 10.803
1800.000 10.721
1810.000 10.468
1820.000 10.359
1830.000 10.122
1840.000 9.847
1850.000 9.708
1860.000 9.472
1870.000 9.380
1880.000 9.230
1890.000 9.050
1900.000 8.907
1910.000 8.822
1920.000 8.682
1930.000 8.636
1940.000 8.444
1950.000 8.410
1960.000 8.253
1970.000 8.236
1980.000 8.146
1990.000 8.008
2000.000 7.994
2010.000 7.958
2020.000 7.891
2030.000 7.770
2040.000 7.719
2050.000 7.686
2060.000 7.586
2070.000 7.548
2080.000 7.442
2090.000 7.363
2100.000 7.299
2110.000 7.208
2120.000 7.161
2130.000 7.062
2140.000 6.980
2150.000 6.940
2160.000 6.844
2170.000 6.825
2180.000 6.734
2190.000 6.626
2200.000 6.619
2210.000 6.559
2220.000 6.534
2230.000 6.455
2240.000 6.411
2250.000 6.380
2260.000 6.357
2270.000 6.345
2280.000 6.319
2290.000 6.329
2300.000 6.315
2310.000 6.303
2320.000 6.353
2330.000 6.359
2340.000 6.476
2350.000 6.468
2360.000 6.566
2370.000 6.648
2380.000 6.764
2390.000 6.814
2400.000 6.978
2410.000 7.206
2420.000 7.333
2430.000 7.581
2440.000 7.743
2450.000 8.099
2460.000 8.532
2470.000 8.763
2480.000 9.366
2490.000 9.691
2500.000 10.497
2510.000 11.476
2520.000 12.113
2530.000 13.603
2540.000 14.529
2550.000 16.848
2560.000 20.015
2570.000 22.248
2580.000 27.947
2590.000 31.821
2600.000 40.890
2610.000 47.280
2620.000 45.697
2630.000 34.877
2640.000 29.487
2650.000 21.937
2660.000 17.155
2670.000 15.368
2680.000 12.682
2690.000 11.720
2700.000 10.047
2710.000 8.789
2720.000 8.277
2730.000 7.364
2740.000 7.015
2750.000 6.357
2760.000 5.801
2770.000 5.578
2780.000 5.157
2790.000 4.981
2800.000 4.637
2810.000 4.366
2820.000 4.230
2830.000 3.988
2840.000 3.897
2850.000 3.695
2860.000 3.506
2870.000 3.445
2880.000 3.296
2890.000 3.224
2900.000 3.116
2910.000 3.005
2920.000 2.964
2930.000 2.871
2940.000 2.848
2950.000 2.754
2960.000 2.685
2970.000 2.664
2980.000 2.576
2990.000 2.571
3000.000 2.514
3010.000 2.495
3020.000 2.481
3030.000 2.453
3040.000 2.429
3050.000 2.411
3060.000 2.385
3070.000 2.383
3080.000 2.370
3090.000 2.367
3100.000 2.373
3110.000 2.393
3120.000 2.388
3130.000 2.402
3140.000 2.417
3150.000 2.458
3160.000 2.496
3170.000 2.505
3180.000 2.540
3190.000 2.576
3200.000 2.624
3210.000 2.709
3220.000 2.770
3230.000 2.834
3240.000 2.871
3250.000 2.991
3260.000 3.094
3270.000 3.173
3280.000 3.330
3290.000 3.424
3300.000 3.631
3310.000 3.872
3320.000 3.992
3330.000 4.305
3340.000 4.500
3350.000 4.915
3360.000 5.434
3370.000 5.756
3380.000 6.532
3390.000 7.017
3400.000 8.281
3410.000 10.034
3420.000 11.260
3430.000 14.836
3440.000 17.395
3450.000 25.441
3460.000 30.154
3470.000 33.898
3480.000 22.313
3490.000 17.816
3500.000 12.555
3510.000 10.935
3520.000 8.632
3530.000 7.130
3540.000 6.555
3550.000 5.628
3560.000 5.268
3570.000 4.663
3580.000 4.196
3590.000 3.981
3600.000 3.636
3610.000 3.488
3620.000 3.211
3630.000 2.994
3640.000 2.888
3650.000 2.718
3660.000 2.633
3670.000 2.481
3680.000 2.347
3690.000 2.310
3700.000 2.197
3710.000 2.150
3720.000 2.069
3730.000 1.981
3740.000 1.952
3750.000 1.888
3760.000 1.845
3770.000 1.788
3780.000 1.754
3790.000 1.717
3800.000 1.679
3810.000 1.662
3820.000 1.629
3830.000 1.605
3840.000 1.596
3850.000 1.547
3860.000 1.552
3870.000 1.530
3880.000 1.516
3890.000 1.507
3900.000 1.514
3910.000 1.499
3920.000 1.486
3930.000 1.495
3940.000 1.508
3950.000 1.494
3960.000 1.502
3970.000 1.507
3980.000 1.523
3990.000 1.530
4000.000 1.543
4010.000 1.550
4020.000 1.582
4030.000 1.593
4040.000 1.609
4050.000 1.660
4060.000 1.684
4070.000 1.724
4080.000 1.775
4090.000 1.805
4100.000 1.857
4110.000 1.899
4120.000 1.984
4130.000 2.087
4140.000 2.145
4150.000 2.250
4160.000 2.336
4170.000 2.488
4180.000 2.653
4190.000 2.775
4200.000 3.003
4210.000 3.146
4220.000 3.490
4230.000 3.925
4240.000 4.200
4250.000 4.860
4260.000 5.298
4270.000 6.438
4280.000 8.183
4290.000 9.472
4300.000 13.279
4310.000 16.028
4320.000 22.237
4330.000 20.324
4340.000 15.493
4350.000 9.613
4360.000 7.943
4370.000 5.893
4380.000 4.689
4390.000 4.260
4400.000 3.617
4410.000 3.379
4420.000 3.002
4430.000 2.681
4440.000 2.558
4450.000 2.362
4460.000 2.258
4470.000 2.100
4480.000 1.990
4490.000 1.934
4500.000 1.844
4510.000 1.788
4520.000 1.710
4530.000 1.634
4540.000 1.616
4550.000 1.556
4560.000 1.524
4570.000 1.476
4580.000 1.455
4590.000 1.448
4600.000 1.417
4610.000 1.421
4620.000 1.403
4630.000 1.405
4640.000 1.396
4650.000 1.407
4660.000 1.413
4670.000 1.437
4680.000 1.446
4690.000 1.467
4700.000 1.494
4710.000 1.527
4720.000 1.562
4730.000 1.573
4740.000 1.621
4750.000 1.642
4760.000 1.656
4770.000 1.674
4780.000 1.668
4790.000 1.676
4800.000 1.661
4810.000 1.652
4820.000 1.614
4830.000 1.571
4840.000 1.531
4850.000 1.462
4860.000 1.438
4870.000 1.370
4880.000 1.341
4890.000 1.312
4900.000 1.322
4910.000 1.348
4920.000 1.381
4930.000 1.440
4940.000 1.554
4950.000 1.743
4960.000 1.834
4970.000 2.128
4980.000 2.283
4990.000 2.649
5000.000 3.092
5010.000 3.330
5020.000 3.927
5030.000 4.256
5040.000 5.025
5050.000 5.944
5060.000 6.507
5070.000 7.732
5080.000 8.434
5090.000 10.126
5100.000 12.264
5110.000 13.552
5120.000 16.658
5130.000 18.554
5140.000 23.737
5150.000 31.435
5160.000 36.739
5170.000 50.720
5180.000 58.854
5190.000 65.945
5200.000 49.349
5210.000 40.509
5220.000 28.909
5230.000 25.116
5240.000 19.393
5250.000 17.406
5260.000 14.320
5270.000 11.994
5280.000 11.024
5290.000 9.256
5300.000 8.548
5310.000 7.791
5320.000 7.356
5330.000 7.163
5340.000 6.766
5350.000 6.569
5360.000 6.209
5370.000 5.860
5380.000 5.687
5390.000 5.366
5400.000 5.210
5410.000 4.934
5420.000 4.684
5430.000 4.559
5440.000 4.351
5450.000 4.246
5460.000 4.028
5470.000 3.885
5480.000 3.806
5490.000 3.672
5500.000 3.605
5510.000 3.493
5520.000 3.392
5530.000 3.347
5540.000 3.271
5550.000 3.219
5560.000 3.156
5570.000 3.089
5580.000 3.065
5590.000 3.023
5600.000 2.980
5610.000 2.959
5620.000 2.941
5630.000 2.926
5640.000 2.908
5650.000 2.888
5660.000 2.890
5670.000 2.885
5680.000 2.880
5690.000 2.880
5700.000 2.894
5710.000 2.920
5720.000 2.940
5730.000 2.954
5740.000 2.992
5750.000 3.049
5760.000 3.078
5770.000 3.132
5780.000 3.178
5790.000 3.260
5800.000 3.349
5810.000 3.398
5820.000 3.535
5830.000 3.624
5840.000 3.770
5850.000 3.848
5860.000 4.027
5870.000 4.261
5880.000 4.398
5890.000 4.674
5900.000 4.828
5910.000 5.204
5920.000 5.650
5930.000 5.940
5940.000 6.566
5950.000 6.948
5960.000 7.862
5970.000 9.106
5980.000 9.873
5990.000 11.963
6000.000 13.341
6010.000 17.344
6020.000 23.883
6030.000 28.689
6040.000 39.716
6050.000 42.394
6060.000 31.186
6070.000 19.985
6080.000 16.852
6090.000 12.756
6100.000 11.365
6110.000 9.321
6120.000 7.876
6130.000 7.317
6140.000 6.409
6150.000 6.051
6160.000 5.416
6170.000 4.919
6180.000 4.702
6190.000 4.328
6200.000 4.165
6210.000 3.880
6220.000 3.651
6230.000 3.526
6240.000 3.337
6250.000 3.251
6260.000 3.081
6270.000 2.940
6280.000 2.882
6290.000 2.763
6300.000 2.709
6310.000 2.628
6320.000 2.544
6330.000 2.500
6340.000 2.437
6350.000 2.416
6360.000 2.340
6370.000 2.301
6380.000 2.281
6390.000 2.231
6400.000 2.215
6410.000 2.192
6420.000 2.160
6430.000 2.162
6440.000 2.146
6450.000 2.131
6460.000 2.108
6470.000 2.109
6480.000 2.109
6490.000 2.109
6500.000 2.099
6510.000 2.113
6520.000 2.119
6530.000 2.127
6540.000 2.159
6550.000 2.169
6560.000 2.198
6570.000 2.193
6580.000 2.243
6590.000 2.282
6600.000 2.304
6610.000 2.365
6620.000 2.380
6630.000 2.460
6640.000 2.530
6650.000 2.566
6660.000 2.658
6670.000 2.692
6680.000 2.804
6690.000 2.937
6700.000 3.001
6710.000 3.161
6720.000 3.232
6730.000 3.443
6740.000 3.669
6750.000 3.803
6760.000 4.088
6770.000 4.255
6780.000 4.643
6790.000 5.122
6800.000 5.411
6810.000 6.070
6820.000 6.491
6830.000 7.498
6840.000 8.863
6850.000 9.760
6860.000 12.268
6870.000 14.024
6880.000 19.118
6890.000 27.046
6900.000 31.439
6910.000 33.000
6920.000 27.720
6930.000 18.042
6940.000 13.072
6950.000 11.424
6960.000 9.155
6970.000 8.311
6980.000 7.047
6990.000 6.126
7000.000 5.729
7010.000 5.092
7020.000 4.806
7030.000 4.359
7040.000 4.017
7050.000 3.869
7060.000 3.588
7070.000 3.469
7080.000 3.259
7090.000 3.094
7100.000 3.006
7110.000 2.849
7120.000 2.784
7130.000 2.661
7140.000 2.548
7150.000 2.504
7160.000 2.429
7170.000 2.384
7180.000 2.298
7190.000 2.249
7200.000 2.223
7210.000 2.164
7220.000 2.128
7230.000 2.076
7240.000 2.048
7250.000 2.031
7260.000 2.001
7270.000 1.986
7280.000 1.944
7290.000 1.925
7300.000 1.918
7310.000 1.892
7320.000 1.889
7330.000 1.871
7340.000 1.864
7350.000 1.855
7360.000 1.870
7370.000 1.867
7380.000 1.866
7390.000 1.879
7400.000 1.891
7410.000 1.889
7420.000 1.906
7430.000 1.907
7440.000 1.926
7450.000 1.944
7460.000 1.966
7470.000 1.971
7480.000 2.004
7490.000 2.130
7500.000 2.262
7510.000 2.491
7520.000 2.541
7530.000 2.616
7540.000 2.686
7550.000 2.748
7560.000 2.865
7570.000 2.918
7580.000 3.055
7590.000 3.228
7600.000 3.330
7610.000 3.568
7620.000 3.690
7630.000 3.987
7640.000 4.130
7650.000 4.545
7660.000 5.051
7670.000 5.340
7680.000 6.089
7690.000 6.526
7700.000 7.656
7710.000 9.274
7720.000 10.365
7730.000 13.413
7740.000 15.534
7750.000 21.664
7760.000 29.077
7770.000 30.489
7780.000 23.441
7790.000 18.918
7800.000 13.080
7810.000 9.959
7820.000 8.915
7830.000 7.360
7840.000 6.764
7850.000 5.830
7860.000 5.107
7870.000 4.836
7880.000 4.339
7890.000 4.131
7900.000 3.800
7910.000 3.498
7920.000 3.344
7930.000 3.117
7940.000 3.020
7950.000 2.914
7960.000 2.732
7970.000 2.654
7980.000 2.516
7990.000 2.473
8000.000 2.435
8010.000 2.330
8020.000 2.296
8030.000 2.202
8040.000 2.159
8050.000 2.093
8060.000 2.053
8070.000 2.011
8080.000 1.982
8090.000 1.971
8100.000 1.930
8110.000 1.883
8120.000 1.869
8130.000 1.848
8140.000 1.824
8150.000 1.810
8160.000 1.804
8170.000 1.800
8180.000 1.792
8190.000 1.779
8200.000 1.789
8210.000 1.790
8220.000 1.783
8230.000 1.804
8240.000 1.797
8250.000 1.819
8260.000 1.832
8270.000 1.856
8280.000 1.865
8290.000 1.877
8300.000 1.926
8310.000 1.957
8320.000 1.965
8330.000 2.024
8340.000 2.055
8350.000 2.101
8360.000 2.156
8370.000 2.193
8380.000 2.262
8390.000 2.312
8400.000 2.405
8410.000 2.509
8420.000 2.562
8430.000 2.700
8440.000 2.772
8450.000 2.928
8460.000 3.117
8470.000 3.240
8480.000 3.470
8490.000 3.608
8500.000 3.948
8510.000 4.322
8520.000 4.570
8530.000 5.155
8540.000 5.523
8550.000 6.394
8560.000 7.607
8570.000 8.403
8580.000 10.553
8590.000 11.995
8600.000 16.147
8610.000 21.621
8620.000 23.425
8630.000 21.170
8640.000 17.388
8650.000 11.952
8660.000 9.584
8670.000 9.170
8680.000 8.364
8690.000 7.646
8700.000 6.387
8710.000 5.395
8720.000 5.006
8730.000 4.405
8740.000 4.166
8750.000 3.760
8760.000 3.439
8770.000 3.278
8780.000 3.034
8790.000 2.929
8800.000 2.736
8810.000 2.648
8820.000 2.513
8830.000 2.383
8840.000 2.334
8850.000 2.220
8860.000 2.169
8870.000 2.080
8880.000 2.010
8890.000 1.965
8900.000 1.911
8910.000 1.874
8920.000 1.829
8930.000 1.768
8940.000 1.743
8950.000 1.711
8960.000 1.696
8970.000 1.662
8980.000 1.640
8990.000 1.622
9000.000 1.605
9010.000 1.590
9020.000 1.570
9030.000 1.562
9040.000 1.562
9050.000 1.578
9060.000 1.581
9070.000 1.565
9080.000 1.569
9090.000 1.579
9100.000 1.569
9110.000 1.591
9120.000 1.589
9130.000 1.604
9140.000 1.615
9150.000 1.640
9160.000 1.661
9170.000 1.675
9180.000 1.713
9190.000 1.728
9200.000 1.765
9210.000 1.784
9220.000 1.829
9230.000 1.891
9240.000 1.916
9250.000 1.992
9260.000 2.013
9270.000 2.093
9280.000 2.204
9290.000 2.253
9300.000 2.358
9310.000 2.429
9320.000 2.586
9330.000 2.765
9340.000 2.856
9350.000 3.076
9360.000 3.222
9370.000 3.509
9380.000 3.887
9390.000 4.131
9400.000 4.718
9410.000 5.043
9420.000 5.899
9430.000 7.106
9440.000 7.870
9450.000 10.050
9460.000 11.450
9470.000 14.689
9480.000 18.095
9490.000 19.305
9500.000 17.902
9510.000 15.133
9520.000 10.721
9530.000 8.102
9540.000 7.222
9550.000 5.883
9560.000 5.412
9570.000 4.644
9580.000 4.048
9590.000 3.809
9600.000 3.414
9610.000 3.253
9620.000 2.970
9630.000 2.727
9640.000 2.616
9650.000 2.432
9660.000 2.352
9670.000 2.197
9680.000 2.079
9690.000 2.017
9700.000 1.926
9710.000 1.874
9720.000 1.786
9730.000 1.718
9740.000 1.686
9750.000 1.633
9760.000 1.596
9770.000 1.553
9780.000 1.502
9790.000 1.486
9800.000 1.447
9810.000 1.437
9820.000 1.394
9830.000 1.372
9840.000 1.352
9850.000 1.339
9860.000 1.330
9870.000 1.309
9880.000 1.290
9890.000 1.289
9900.000 1.279
9910.000 1.276
9920.000 1.275
9930.000 1.264
9940.000 1.281
9950.000 1.258
9960.000 1.273
9970.000 1.295
9980.000 1.326
9990.000 1.316
10000.000 1.333
10010.000 1.340
10020.000 1.344
10030.000 1.370
10040.000 1.376
10050.000 1.404
10060.000 1.419
10070.000 1.454
10080.000 1.472
10090.000 1.515
10100.000 1.564
10110.000 1.589
10120.000 1.653
10130.000 1.697
10140.000 1.752
10150.000 1.837
10160.000 1.902
10170.000 2.000
10180.000 2.053
10190.000 2.188
10200.000 2.342
10210.000 2.432
10220.000 2.643
10230.000 2.777
10240.000 3.062
10250.000 3.422
10260.000 3.634
10270.000 4.186
10280.000 4.525
10290.000 5.383
10300.000 6.637
10310.000 7.527
10320.000 9.829
10330.000 11.316
10340.000 14.540
10350.000 14.771
10360.000 13.061
10370.000 9.263
10380.000 7.942
10390.000 6.121
10400.000 4.910
10410.000 4.487
10420.000 3.790
10430.000 3.532
10440.000 3.087
10450.000 2.736
10460.000 2.592
10470.000 2.358
10480.000 2.273
10490.000 2.090
10500.000 1.950
10510.000 1.894
10520.000 1.801
10530.000 1.760
10540.000 1.666
10550.000 1.600
10560.000 1.542
10570.000 1.501
10580.000 1.455
10590.000 1.389
10600.000 1.349
10610.000 1.315
10620.000 1.268
10630.000 1.243
10640.000 1.208
10650.000 1.173
10660.000 1.169
10670.000 1.144
10680.000 1.129
10690.000 1.107
10700.000 1.094
10710.000 1.097
10720.000 1.061
10730.000 1.053
10740.000 1.042
10750.000 1.042
10760.000 1.036
10770.000 1.036
10780.000 1.046
10790.000 1.028
10800.000 1.026
10810.000 1.028
10820.000 1.029
10830.000 1.038
10840.000 1.038
10850.000 1.046
10860.000 1.052
10870.000 1.066
10880.000 1.070
10890.000 1.083
10900.000 1.111
10910.000 1.120
10920.000 1.144
10930.000 1.159
10940.000 1.201
10950.000 1.220
10960.000 1.251
10970.000 1.289
10980.000 1.311
10990.000 1.364
11000.000 1.424
11010.000 1.465
11020.000 1.539
11030.000 1.583
11040.000 1.674
11050.000 1.786
11060.000 1.846
11070.000 2.003
11080.000 2.093
11090.000 2.290
11100.000 2.512
11110.000 2.633
11120.000 2.915
11130.000 3.110
11140.000 3.633
11150.000 4.341
11160.000 4.813
11170.000 6.073
11180.000 6.995
11190.000 9.056
11200.000 10.331
11210.000 11.869
11220.000 10.167
11230.000 8.640
11240.000 6.379
11250.000 5.583
11260.000 4.429
11270.000 3.641
11280.000 3.365
11290.000 2.885
11300.000 2.701
11310.000 2.395
11320.000 2.142
11330.000 2.050
11340.000 1.861
11350.000 1.783
11360.000 1.660
11370.000 1.539
11380.000 1.484
11390.000 1.392
11400.000 1.351
11410.000 1.284
11420.000 1.229
11430.000 1.192
11440.000 1.134
11450.000 1.123
11460.000 1.076
11470.000 1.029
11480.000 1.021
11490.000 0.993
11500.000 0.979
11510.000 0.946
11520.000 0.927
11530.000 0.913
11540.000 0.905
11550.000 0.888
11560.000 0.868
11570.000 0.860
11580.000 0.855
11590.000 0.842
11600.000 0.833
11610.000 0.832
11620.000 0.827
11630.000 0.818
11640.000 0.823
11650.000 0.820
11660.000 0.832
11670.000 0.820
11680.000 0.827
11690.000 0.821
11700.000 0.839
11710.000 0.849
11720.000 0.856
11730.000 0.863
11740.000 0.871
11750.000 0.885
11760.000 0.897
11770.000 0.910
11780.000 0.924
11790.000 0.940
11800.000 0.960
11810.000 0.983
11820.000 0.994
11830.000 1.042
11840.000 1.066
11850.000 1.097
11860.000 1.139
11870.000 1.177
11880.000 1.233
11890.000 1.306
11900.000 1.343
11910.000 1.438
11920.000 1.472
11930.000 1.595
11940.000 1.737
11950.000 1.809
11960.000 2.001
11970.000 2.110
11980.000 2.374
11990.000 2.725
12000.000 2.922
