110.000 0.457
120.000 0.445
130.000 0.535
140.000 0.517
150.000 0.537
160.000 0.763
170.000 0.605
180.000 0.739
190.000 1.343
200.000 1.071
210.000 1.391
220.000 2.318
230.000 1.677
240.000 2.035
250.000 2.347
260.000 2.711
270.000 3.539
280.000 4.220
290.000 5.132
300.000 7.287
310.000 12.356
320.000 16.544
330.000 27.345
340.000 16.617
350.000 10.461
360.000 9.344
370.000 7.551
380.000 7.663
390.000 6.776
400.000 7.165
410.000 6.803
420.000 6.906
430.000 7.252
440.000 7.443
450.000 7.717
460.000 7.864
470.000 8.896
480.000 8.734
490.000 8.285
500.000 8.330
510.000 8.171
520.000 8.125
530.000 8.128
540.000 8.158
550.000 8.361
560.000 8.733
570.000 8.605
580.000 9.205
590.000 10.133
600.000 11.482
610.000 14.339
620.000 17.179
630.000 27.778
640.000 45.469
650.000 43.040
660.000 13.703
670.000 8.080
680.000 6.770
690.000 4.975
700.000 4.511
710.000 3.589
720.000 2.997
730.000 2.681
740.000 2.359
750.000 2.497
760.000 2.029
770.000 1.820
780.000 1.704
790.000 1.707
800.000 1.449
810.000 1.465
820.000 1.388
830.000 1.390
840.000 1.382
850.000 1.400
860.000 1.395
870.000 1.429
880.000 1.540
890.000 1.698
900.000 1.776
910.000 2.150
920.000 2.452
930.000 3.388
940.000 5.427
950.000 6.996
960.000 6.362
970.000 3.021
980.000 2.063
990.000 1.436
1000.000 1.213
1010.000 0.997
1020.000 0.808
1030.000 0.755
1040.000 0.632
1050.000 0.591
1060.000 0.568
1070.000 0.543
1080.000 0.549
1090.000 0.540
1100.000 0.598
1110.000 0.648
1120.000 0.675
1130.000 0.686
1140.000 0.813
1150.000 0.679
1160.000 1.060
1170.000 1.754
1180.000 1.169
1190.000 1.136
1200.000 1.276
1210.000 1.336
1220.000 2.040
1230.000 2.701
1240.000 4.264
1250.000 5.528
1260.000 10.094
1270.000 11.501
1280.000 4.590
1290.000 3.173
1300.000 2.820
1310.000 2.235
1320.000 1.964
1330.000 1.861
1340.000 1.733
1350.000 1.678
1360.000 1.632
1370.000 1.574
1380.000 1.524
1390.000 1.547
1400.000 1.710
1410.000 1.638
1420.000 1.600
1430.000 1.671
1440.000 1.741
1450.000 1.806
1460.000 1.969
1470.000 2.242
1480.000 2.318
1490.000 2.517
1500.000 2.927
1510.000 3.537
1520.000 3.789
1530.000 5.088
1540.000 6.163
1550.000 8.428
1560.000 14.092
1570.000 18.167
1580.000 20.470
1590.000 10.297
1600.000 8.138
1610.000 6.035
1620.000 5.377
1630.000 4.541
1640.000 3.870
1650.000 3.625
1660.000 3.229
1670.000 3.159
1680.000 2.797
1690.000 2.679
1700.000 2.542
1710.000 2.379
1720.000 2.142
1730.000 2.109
1740.000 2.068
1750.000 1.996
1760.000 2.135
1770.000 2.429
1780.000 2.826
1790.000 3.538
1800.000 4.017
1810.000 5.177
1820.000 6.740
1830.000 7.685
1840.000 8.951
1850.000 12.417
1860.000 18.298
1870.000 22.794
1880.000 34.213
1890.000 37.710
1900.000 28.239
1910.000 18.623
1920.000 15.957
1930.000 12.666
1940.000 10.831
1950.000 10.536
1960.000 9.037
1970.000 8.369
1980.000 7.817
1990.000 7.516
2000.000 7.301
2010.000 7.070
2020.000 6.973
2030.000 6.889
2040.000 6.926
2050.000 7.010
2060.000 7.156
2070.000 7.228
2080.000 7.553
2090.000 7.870
2100.000 8.130
2110.000 8.409
2120.000 9.104
2130.000 10.060
2140.000 11.430
2150.000 12.312
2160.000 13.387
2170.000 16.107
2180.000 20.369
2190.000 23.210
2200.000 29.933
2210.000 32.616
2220.000 31.173
2230.000 22.668
2240.000 16.476
2250.000 14.405
2260.000 12.745
2270.000 10.374
2280.000 8.777
2290.000 8.159
2300.000 7.218
2310.000 6.827
2320.000 6.242
2330.000 5.781
2340.000 5.638
2350.000 5.364
2360.000 5.266
2370.000 5.130
2380.000 5.084
2390.000 5.129
2400.000 5.186
2410.000 5.343
2420.000 5.472
2430.000 5.819
2440.000 6.045
2450.000 6.675
2460.000 7.626
2470.000 8.279
2480.000 10.095
2490.000 11.414
2500.000 15.454
2510.000 22.647
2520.000 27.325
2530.000 30.220
2540.000 23.977
2550.000 13.889
2560.000 9.759
2570.000 8.518
2580.000 6.776
2590.000 6.176
2600.000 5.289
2610.000 4.654
2620.000 4.398
2630.000 4.017
2640.000 3.733
2650.000 3.642
2660.000 3.490
2670.000 3.439
2680.000 3.356
2690.000 3.358
2700.000 3.384
2710.000 3.449
2720.000 3.513
2730.000 3.688
2740.000 3.957
2750.000 4.143
2760.000 4.617
2770.000 4.915
2780.000 5.813
2790.000 7.209
2800.000 8.247
2810.000 11.592
2820.000 14.118
2830.000 22.116
2840.000 25.482
2850.000 17.284
2860.000 12.226
2870.000 8.051
2880.000 6.003
2890.000 4.842
2900.000 4.399
2910.000 4.067
2920.000 3.556
2930.000 3.198
2940.000 3.055
2950.000 2.835
2960.000 2.692
2970.000 2.635
2980.000 2.546
2990.000 2.520
3000.000 2.506
3010.000 2.535
3020.000 2.558
3030.000 2.645
3040.000 2.790
3050.000 2.887
3060.000 3.148
3070.000 3.323
3080.000 3.761
3090.000 4.066
3100.000 4.937
3110.000 6.372
3120.000 7.473
3130.000 11.147
3140.000 17.677
3150.000 20.579
3160.000 19.894
3170.000 9.769
3180.000 6.420
3190.000 5.460
3200.000 4.253
3210.000 3.862
3220.000 3.227
3230.000 2.842
3240.000 2.671
3250.000 2.448
3260.000 2.276
3270.000 2.208
3280.000 2.107
3290.000 2.089
3300.000 2.051
3310.000 2.036
3320.000 2.057
3330.000 2.100
3340.000 2.133
3350.000 2.246
3360.000 2.385
3370.000 2.488
3380.000 2.626
3390.000 2.950
3400.000 3.443
3410.000 3.751
3420.000 4.704
3430.000 6.355
3440.000 7.662
3450.000 12.014
3460.000 14.968
3470.000 16.016
3480.000 7.862
3490.000 6.299
3500.000 4.503
3510.000 3.536
3520.000 3.214
3530.000 2.717
3540.000 2.542
3550.000 2.245
3560.000 2.077
3570.000 2.007
3580.000 1.944
3590.000 1.836
3600.000 1.771
3610.000 1.748
3620.000 1.745
3630.000 1.749
3640.000 1.764
3650.000 1.814
3660.000 1.887
3670.000 1.958
3680.000 2.113
3690.000 2.220
3700.000 2.485
3710.000 2.878
3720.000 3.150
3730.000 3.919
3740.000 4.524
3750.000 6.316
3760.000 9.870
3770.000 12.392
3780.000 14.482
3790.000 10.552
3800.000 5.662
3810.000 4.679
3820.000 3.479
3830.000 2.765
3840.000 2.530
3850.000 2.186
3860.000 2.045
3870.000 1.844
3880.000 1.690
3890.000 1.648
3900.000 1.563
3910.000 1.533
3920.000 1.491
3930.000 1.470
3940.000 1.464
3950.000 1.490
3960.000 1.507
3970.000 1.569
3980.000 1.661
3990.000 1.703
4000.000 1.869
4010.000 1.961
4020.000 2.241
4030.000 2.651
4040.000 2.920
4050.000 3.748
4060.000 4.387
4070.000 6.463
4080.000 10.368
4090.000 12.206
4100.000 8.898
4110.000 6.019
4120.000 3.963
4130.000 2.938
4140.000 2.605
4150.000 2.167
4160.000 2.000
4170.000 1.745
4180.000 1.586
4190.000 1.512
4200.000 1.408
4210.000 1.371
4220.000 1.298
4230.000 1.286
4240.000 1.265
4250.000 1.281
4260.000 1.269
4270.000 1.308
4280.000 1.346
4290.000 1.386
4300.000 1.469
4310.000 1.543
4320.000 1.666
4330.000 1.772
4340.000 2.000
4350.000 2.330
4360.000 2.593
4370.000 3.397
4380.000 4.885
4390.000 6.143
4400.000 9.161
4410.000 9.345
4420.000 5.007
4430.000 3.202
4440.000 2.759
4450.000 2.179
4460.000 1.993
4470.000 1.695
4480.000 1.592
4490.000 1.428
4500.000 1.335
4510.000 1.288
4520.000 1.228
4530.000 1.194
4540.000 1.176
4550.000 1.177
4560.000 1.184
4570.000 1.199
4580.000 1.246
4590.000 1.272
4600.000 1.312
4610.000 1.410
4620.000 1.552
4630.000 1.744
4640.000 1.892
4650.000 2.049
4660.000 2.472
4670.000 3.156
4680.000 4.326
4690.000 5.228
4700.000 8.222
4710.000 10.382
4720.000 12.973
4730.000 7.391
4740.000 5.889
4750.000 4.188
4760.000 3.677
4770.000 2.988
4780.000 2.723
4790.000 2.349
4800.000 2.034
4810.000 1.909
4820.000 1.709
4830.000 1.613
4840.000 1.454
4850.000 1.410
4860.000 1.293
4870.000 1.209
4880.000 1.157
4890.000 1.135
4900.000 1.142
4910.000 1.165
4920.000 1.276
4930.000 1.425
4940.000 1.557
4950.000 1.683
4960.000 2.096
4970.000 2.733
4980.000 3.161
4990.000 4.441
5000.000 5.429
5010.000 8.547
5020.000 14.532
5030.000 17.437
5040.000 15.826
5050.000 9.963
5060.000 8.602
5070.000 6.951
5080.000 6.393
5090.000 5.641
5100.000 5.397
5110.000 4.992
5120.000 4.716
5130.000 4.601
5140.000 4.425
5150.000 4.364
5160.000 4.261
5170.000 4.205
5180.000 4.183
5190.000 4.177
5200.000 4.199
5210.000 4.226
5220.000 4.307
5230.000 4.367
5240.000 4.475
5250.000 4.538
5260.000 4.689
5270.000 5.384
5280.000 5.934
5290.000 7.339
5300.000 9.481
5310.000 10.944
5320.000 15.663
5330.000 19.249
5340.000 28.535
5350.000 31.148
5360.000 20.734
5370.000 12.555
5380.000 10.510
5390.000 7.940
5400.000 7.093
5410.000 5.869
5420.000 5.020
5430.000 4.717
5440.000 4.227
5450.000 4.028
5460.000 3.718
5470.000 3.503
5480.000 3.430
5490.000 3.313
5500.000 3.251
5510.000 3.238
5520.000 3.257
5530.000 3.283
5540.000 3.409
5550.000 3.459
5560.000 3.685
5570.000 4.014
5580.000 4.232
5590.000 4.811
5600.000 5.201
5610.000 6.345
5620.000 7.244
5630.000 9.796
5640.000 14.410
5650.000 17.772
5660.000 22.740
5670.000 20.174
5680.000 11.194
5690.000 7.627
5700.000 5.796
5710.000 5.182
5720.000 4.712
5730.000 3.998
5740.000 3.517
5750.000 3.338
5760.000 3.052
5770.000 2.844
5780.000 2.769
5790.000 2.651
5800.000 2.587
5810.000 2.562
5820.000 2.547
5830.000 2.564
5840.000 2.614
5850.000 2.653
5860.000 2.787
5870.000 2.993
5880.000 3.113
5890.000 3.443
5900.000 3.947
5910.000 4.259
5920.000 4.674
5930.000 5.887
5940.000 7.879
5950.000 11.530
5960.000 14.272
5970.000 17.320
5980.000 17.715
5990.000 9.675
6000.000 7.968
6010.000 5.745
6020.000 5.048
6030.000 4.097
6040.000 3.472
6050.000 3.256
6060.000 2.912
6070.000 2.769
6080.000 2.577
6090.000 2.421
6100.000 2.373
6110.000 2.305
6120.000 2.246
6130.000 2.258
6140.000 2.262
6150.000 2.303
6160.000 2.362
6170.000 2.483
6180.000 2.566
6190.000 2.768
6200.000 3.072
6210.000 3.299
6220.000 3.832
6230.000 4.189
6240.000 5.230
6250.000 5.979
6260.000 8.440
6270.000 10.346
6280.000 15.448
6290.000 16.165
6300.000 12.263
6310.000 7.309
6320.000 6.110
6330.000 4.676
6340.000 3.790
6350.000 3.487
6360.000 3.026
6370.000 2.847
6380.000 2.582
6390.000 2.390
6400.000 2.317
6410.000 2.218
6420.000 2.143
6430.000 2.123
6440.000 2.115
6450.000 2.108
6460.000 2.146
6470.000 2.209
6480.000 2.273
6490.000 2.410
6500.000 2.498
6510.000 2.733
6520.000 3.084
6530.000 3.278
6540.000 3.934
6550.000 4.332
6560.000 5.583
6570.000 6.481
6580.000 9.383
6590.000 13.971
6600.000 15.821
6610.000 12.066
6620.000 7.190
6630.000 6.073
6640.000 4.575
6650.000 4.060
6660.000 3.372
6670.000 2.918
6680.000 2.760
6690.000 2.491
6700.000 2.400
6710.000 2.234
6720.000 2.127
6730.000 2.093
6740.000 2.044
6750.000 2.050
6760.000 2.040
6770.000 2.042
6780.000 2.097
6790.000 2.178
6800.000 2.248
6810.000 2.412
6820.000 2.522
6830.000 2.815
6840.000 3.196
6850.000 3.457
6860.000 4.185
6870.000 4.697
6880.000 6.255
6890.000 9.001
6900.000 11.102
6910.000 14.699
6920.000 13.912
6930.000 8.254
6940.000 6.663
6950.000 4.889
6960.000 3.879
6970.000 3.231
6980.000 3.005
6990.000 2.792
7000.000 2.500
7010.000 2.293
7020.000 2.212
7030.000 2.096
7040.000 2.016
7050.000 1.987
7060.000 1.947
7070.000 1.951
7080.000 1.965
7090.000 2.007
7100.000 2.054
7110.000 2.149
7120.000 2.236
7130.000 2.384
7140.000 2.658
7150.000 2.815
7160.000 3.254
7170.000 3.553
7180.000 4.356
7190.000 5.793
7200.000 6.848
7210.000 10.105
7220.000 12.227
7230.000 13.995
7240.000 8.560
7250.000 7.013
7260.000 4.957
7270.000 3.857
7280.000 3.483
7290.000 3.179
7300.000 2.744
7310.000 2.439
7320.000 2.232
7330.000 2.144
7340.000 2.077
7350.000 1.968
7360.000 1.902
7370.000 1.864
7380.000 1.866
7390.000 1.850
7400.000 1.871
7410.000 1.910
7420.000 1.948
7430.000 2.064
7440.000 2.111
7450.000 2.303
7460.000 2.544
7470.000 2.691
7480.000 3.125
7490.000 3.993
7500.000 4.755
7510.000 6.899
7520.000 8.302
7530.000 12.198
7540.000 13.977
7550.000 12.292
7560.000 7.323
7570.000 5.993
7580.000 4.427
7590.000 3.928
7600.000 3.202
7610.000 2.761
7620.000 2.587
7630.000 2.314
7640.000 2.213
7650.000 2.085
7660.000 1.965
7670.000 1.930
7680.000 1.877
7690.000 1.848
7700.000 1.856
7710.000 1.879
7720.000 1.890
7730.000 1.953
7740.000 2.016
7750.000 2.155
7760.000 2.351
7770.000 2.485
7780.000 2.822
7790.000 3.296
7800.000 3.623
7810.000 4.595
7820.000 5.286
7830.000 7.416
7840.000 10.608
7850.000 12.302
7860.000 11.223
7870.000 8.577
7880.000 5.550
7890.000 4.708
7900.000 3.650
7910.000 2.976
7920.000 2.741
7930.000 2.370
7940.000 2.145
7950.000 2.139
7960.000 2.105
7970.000 1.993
7980.000 1.812
7990.000 1.784
8000.000 1.814
8010.000 1.868
8020.000 1.887
8030.000 1.921
8040.000 1.909
8050.000 1.916
8060.000 2.053
8070.000 2.148
8080.000 2.396
8090.000 2.719
8100.000 2.992
8110.000 3.639
8120.000 4.070
8130.000 5.353
8140.000 7.383
8150.000 8.324
8160.000 7.603
8170.000 7.025
8180.000 8.474
8190.000 6.215
8200.000 5.018
8210.000 3.772
8220.000 3.382
8230.000 2.791
8240.000 2.561
8250.000 2.244
8260.000 2.046
8270.000 1.970
8280.000 1.843
8290.000 1.739
8300.000 1.716
8310.000 1.683
8320.000 1.651
8330.000 1.699
8340.000 1.811
8350.000 1.903
8360.000 1.965
8370.000 2.016
8380.000 2.181
8390.000 2.379
8400.000 2.531
8410.000 2.712
8420.000 3.157
8430.000 3.673
8440.000 3.953
8450.000 5.147
8460.000 7.394
8470.000 8.910
8480.000 11.487
8490.000 11.003
8500.000 7.134
8510.000 4.892
8520.000 4.249
8530.000 3.368
8540.000 3.054
8550.000 2.534
8560.000 2.374
8570.000 2.122
8580.000 1.954
8590.000 1.871
8600.000 1.785
8610.000 1.750
8620.000 1.692
8630.000 1.677
8640.000 1.676
8650.000 1.708
8660.000 1.768
8670.000 1.773
8680.000 1.797
8690.000 1.897
8700.000 2.063
8710.000 2.150
8720.000 2.404
8730.000 2.590
8740.000 3.044
8750.000 3.748
8760.000 4.905
8770.000 5.759
8780.000 6.740
8790.000 9.451
8800.000 10.253
8810.000 7.094
8820.000 5.718
8830.000 4.779
8840.000 3.600
8850.000 2.921
8860.000 2.482
8870.000 2.306
8880.000 2.050
8890.000 1.966
8900.000 1.824
8910.000 1.768
8920.000 1.693
8930.000 1.640
8940.000 1.561
8950.000 1.545
8960.000 1.567
8970.000 1.586
8980.000 1.628
8990.000 1.673
9000.000 1.766
9010.000 1.843
9020.000 1.996
9030.000 2.240
9040.000 2.376
9050.000 2.789
9060.000 3.423
9070.000 3.850
9080.000 5.148
9090.000 6.075
9100.000 8.715
9110.000 9.798
9120.000 8.302
9130.000 5.245
9140.000 4.431
9150.000 3.356
9160.000 2.984
9170.000 2.492
9180.000 2.157
9190.000 2.012
9200.000 1.827
9210.000 1.689
9220.000 1.633
9230.000 1.558
9240.000 1.538
9250.000 1.483
9260.000 1.474
9270.000 1.477
9280.000 1.483
9290.000 1.512
9300.000 1.584
9310.000 1.675
9320.000 1.733
9330.000 1.821
9340.000 1.985
9350.000 2.275
9360.000 2.439
9370.000 2.924
9380.000 3.649
9390.000 4.167
9400.000 5.616
9410.000 6.652
9420.000 8.890
9430.000 9.092
9440.000 6.383
9450.000 4.291
9460.000 3.660
9470.000 2.853
9480.000 2.582
9490.000 2.186
9500.000 1.905
9510.000 1.717
9520.000 1.663
9530.000 1.589
9540.000 1.510
9550.000 1.444
9560.000 1.416
9570.000 1.397
9580.000 1.359
9590.000 1.361
9600.000 1.386
9610.000 1.418
9620.000 1.488
9630.000 1.535
9640.000 1.642
9650.000 1.807
9660.000 2.021
9670.000 2.189
9680.000 2.607
9690.000 2.887
9700.000 3.732
9710.000 5.152
9720.000 6.115
9730.000 7.282
9740.000 6.849
9750.000 5.315
9760.000 4.791
9770.000 3.536
9780.000 2.669
9790.000 2.395
9800.000 2.000
9810.000 1.887
9820.000 1.670
9830.000 1.517
9840.000 1.452
9850.000 1.401
9860.000 1.314
9870.000 1.270
9880.000 1.252
9890.000 1.233
9900.000 1.212
9910.000 1.218
9920.000 1.256
9930.000 1.370
9940.000 1.443
9950.000 1.558
9960.000 1.650
9970.000 1.816
9980.000 1.933
9990.000 2.250
10000.000 2.459
10010.000 3.039
10020.000 3.991
10030.000 4.689
10040.000 6.443
10050.000 7.079
10060.000 6.061
10070.000 3.910
10080.000 3.251
10090.000 2.426
10100.000 1.902
10110.000 1.744
10120.000 1.595
10130.000 1.617
10140.000 1.589
10150.000 1.522
10160.000 1.399
10170.000 1.294
10180.000 1.251
10190.000 1.213
10200.000 1.184
10210.000 1.181
10220.000 1.186
10230.000 1.226
10240.000 1.243
10250.000 1.300
10260.000 1.347
10270.000 1.446
10280.000 1.608
10290.000 1.711
10300.000 2.010
10310.000 2.201
10320.000 2.748
10330.000 3.618
10340.000 4.225
10350.000 5.782
10360.000 6.461
10370.000 5.951
10380.000 4.879
10390.000 3.320
10400.000 2.807
10410.000 2.195
10420.000 1.834
10430.000 1.695
10440.000 1.485
10450.000 1.404
10460.000 1.292
10470.000 1.191
10480.000 1.161
10490.000 1.126
10500.000 1.117
10510.000 1.091
10520.000 1.058
10530.000 1.023
10540.000 1.003
10550.000 1.019
10560.000 1.056
10570.000 1.126
10580.000 1.179
10590.000 1.282
10600.000 1.432
10610.000 1.531
10620.000 1.809
10630.000 1.985
10640.000 2.497
10650.000 2.861
10660.000 3.908
10670.000 5.369
10680.000 5.955
10690.000 5.326
10700.000 3.469
10710.000 2.950
10720.000 2.244
10730.000 2.004
10740.000 1.682
10750.000 1.473
10760.000 1.377
10770.000 1.265
10780.000 1.208
10790.000 1.114
10800.000 1.091
10810.000 1.046
10820.000 1.019
10830.000 1.000
10840.000 1.001
10850.000 1.019
10860.000 1.026
10870.000 1.055
10880.000 1.095
10890.000 1.164
10900.000 1.219
10910.000 1.335
10920.000 1.520
10930.000 1.626
10940.000 1.944
10950.000 2.176
10960.000 2.782
10970.000 3.866
10980.000 4.530
10990.000 5.600
11000.000 4.667
11010.000 3.786
11020.000 2.653
11030.000 2.312
11040.000 1.826
11050.000 1.523
11060.000 1.417
11070.000 1.329
11080.000 1.169
11090.000 1.084
11100.000 1.049
11110.000 0.987
11120.000 0.956
11130.000 0.935
11140.000 0.911
11150.000 0.910
11160.000 0.926
11170.000 0.943
11180.000 0.966
11190.000 1.017
11200.000 1.081
11210.000 1.132
11220.000 1.184
11230.000 1.325
11240.000 1.525
11250.000 1.823
11260.000 2.029
11270.000 2.301
11280.000 3.040
11290.000 4.163
11300.000 5.100
11310.000 4.938
11320.000 4.272
11330.000 2.895
11340.000 2.139
11350.000 1.896
11360.000 1.534
11370.000 1.310
11380.000 1.226
11390.000 1.107
11400.000 1.063
11410.000 0.992
11420.000 0.955
11430.000 0.911
11440.000 0.886
11450.000 0.878
11460.000 0.872
11470.000 0.873
11480.000 0.884
11490.000 0.913
11500.000 0.956
11510.000 0.970
11520.000 1.012
11530.000 1.121
11540.000 1.241
11550.000 1.445
11560.000 1.596
11570.000 1.968
11580.000 2.218
11590.000 2.831
11600.000 3.177
11610.000 3.411
11620.000 3.293
11630.000 3.267
11640.000 2.765
11650.000 2.391
11660.000 1.818
11670.000 1.638
11680.000 1.359
11690.000 1.165
11700.000 1.095
11710.000 0.997
11720.000 0.907
11730.000 0.885
11740.000 0.847
11750.000 0.833
11760.000 0.812
11770.000 0.802
11780.000 0.810
11790.000 0.816
11800.000 0.823
11810.000 0.868
11820.000 0.891
11830.000 0.937
11840.000 0.993
11850.000 1.013
11860.000 1.105
11870.000 1.285
11880.000 1.419
11890.000 1.783
11900.000 2.012
11910.000 2.683
11920.000 3.107
11930.000 3.865
11940.000 3.620
11950.000 3.095
11960.000 2.195
11970.000 1.902
11980.000 1.504
11990.000 1.251
12000.000 1.146
