2001.000 2.563
2002.000 2.393
2003.000 2.278
2004.000 2.473
2005.000 2.440
2006.000 2.506
2007.000 2.558
2008.000 2.622
2009.000 2.667
2010.000 2.596
2011.000 2.604
2012.000 2.666
2013.000 2.598
2014.000 2.781
2015.000 2.843
2016.000 2.791
2017.000 2.856
2018.000 2.935
2019.000 2.856
2020.000 2.979
2021.000 3.116
2022.000 3.126
2023.000 2.918
2024.000 2.981
2025.000 3.031
2026.000 3.196
2027.000 3.207
2028.000 3.215
2029.000 3.288
2030.000 3.305
2031.000 3.333
2032.000 3.323
2033.000 3.426
2034.000 3.506
2035.000 3.541
2036.000 3.656
2037.000 3.582
2038.000 3.755
2039.000 3.776
2040.000 3.850
2041.000 3.870
2042.000 3.928
2043.000 3.955
2044.000 4.065
2045.000 4.187
2046.000 4.320
2047.000 4.353
2048.000 4.552
2049.000 4.607
2050.000 4.742
2051.000 4.765
2052.000 4.883
2053.000 5.009
2054.000 5.154
2055.000 5.265
2056.000 5.380
2057.000 5.458
2058.000 5.656
2059.000 5.832
2060.000 5.955
2061.000 6.134
2062.000 6.424
2063.000 6.420
2064.000 6.900
2065.000 7.143
2066.000 7.314
2067.000 7.468
2068.000 7.751
2069.000 8.095
2070.000 8.724
2071.000 8.812
2072.000 9.233
2073.000 9.642
2074.000 10.318
2075.000 10.421
2076.000 10.893
2077.000 10.579
2078.000 11.952
2079.000 12.679
2080.000 13.100
2081.000 14.205
2082.000 15.745
2083.000 16.303
2084.000 17.441
2085.000 18.464
2086.000 20.149
2087.000 21.014
2088.000 22.793
2089.000 23.982
2090.000 24.340
2091.000 25.621
2092.000 26.359
2093.000 26.836
2094.000 26.615
2095.000 25.889
2096.000 24.925
2097.000 23.532
2098.000 21.983
2099.000 20.466
2100.000 19.072
2101.000 18.449
2102.000 17.190
2103.000 16.023
2104.000 14.933
2105.000 14.032
2106.000 13.165
2107.000 12.631
2108.000 11.925
2109.000 11.310
2110.000 10.693
2111.000 10.169
2112.000 9.777
2113.000 9.298
2114.000 8.991
2115.000 8.576
2116.000 8.347
2117.000 8.030
2118.000 7.743
2119.000 7.466
2120.000 7.287
2121.000 6.981
2122.000 6.634
2123.000 6.475
2124.000 6.196
2125.000 6.251
2126.000 6.014
2127.000 5.896
2128.000 5.773
2129.000 5.528
2130.000 5.532
2131.000 5.275
2132.000 5.075
2133.000 5.394
2134.000 5.073
2135.000 4.906
2136.000 4.765
2137.000 4.832
2138.000 4.866
2139.000 4.477
2140.000 4.582
2141.000 4.399
2142.000 4.386
2143.000 4.277
2144.000 4.261
2145.000 4.172
2146.000 4.119
2147.000 4.019
2148.000 4.019
2149.000 3.971
2150.000 3.900
2151.000 3.841
2152.000 3.790
2153.000 3.750
2154.000 3.710
2155.000 3.708
2156.000 3.632
2157.000 3.521
2158.000 3.565
2159.000 3.531
2160.000 3.444
2161.000 3.433
2162.000 3.407
2163.000 3.352
2164.000 3.388
2165.000 3.381
2166.000 3.276
2167.000 3.281
2168.000 3.255
2169.000 3.238
2170.000 3.246
2171.000 3.372
2172.000 3.216
2173.000 3.120
2174.000 3.105
2175.000 3.115
2176.000 3.107
2177.000 3.031
2178.000 3.064
2179.000 3.078
2180.000 3.056
2181.000 3.035
2182.000 3.046
2183.000 2.996
2184.000 2.963
2185.000 2.969
2186.000 3.001
2187.000 3.006
2188.000 2.982
2189.000 2.970
2190.000 3.006
2191.000 2.972
2192.000 3.016
2193.000 2.966
2194.000 2.974
2195.000 2.978
2196.000 2.998
2197.000 2.998
2198.000 2.961
2199.000 3.010
2200.000 3.023
2201.000 3.023
2202.000 3.036
2203.000 3.042
2204.000 3.084
2205.000 3.041
2206.000 3.057
2207.000 3.077
2208.000 3.112
2209.000 3.139
2210.000 3.152
2211.000 3.155
2212.000 3.162
2213.000 3.224
2214.000 3.226
2215.000 3.255
2216.000 3.284
2217.000 3.322
2218.000 3.384
2219.000 3.398
2220.000 3.057
2221.000 3.663
2222.000 3.533
2223.000 3.977
2224.000 3.890
2225.000 3.830
2226.000 3.887
2227.000 3.867
2228.000 3.751
2229.000 3.961
2230.000 3.235
2231.000 3.727
2232.000 4.268
2233.000 4.092
2234.000 4.416
2235.000 4.394
2236.000 4.494
2237.000 4.627
2238.000 4.771
2239.000 4.839
2240.000 5.047
2241.000 5.237
2242.000 5.363
2243.000 5.579
2244.000 5.780
2245.000 5.963
2246.000 6.270
2247.000 6.679
2248.000 6.793
2249.000 7.099
2250.000 7.412
2251.000 8.085
2252.000 7.690
2253.000 9.163
2254.000 9.407
2255.000 9.722
2256.000 10.860
2257.000 11.486
2258.000 12.399
2259.000 13.199
2260.000 14.162
2261.000 14.642
2262.000 14.862
2263.000 15.375
2264.000 15.490
2265.000 14.581
2266.000 14.401
2267.000 13.305
2268.000 12.101
2269.000 11.168
2270.000 10.033
2271.000 9.668
2272.000 8.343
2273.000 7.599
2274.000 7.294
2275.000 6.790
2276.000 6.208
2277.000 5.809
2278.000 5.302
2279.000 4.989
2280.000 4.722
2281.000 4.628
2282.000 4.311
2283.000 4.036
2284.000 3.732
2285.000 3.646
2286.000 3.391
2287.000 3.221
2288.000 3.117
2289.000 3.039
2290.000 2.856
2291.000 2.709
2292.000 2.648
2293.000 2.520
2294.000 2.449
2295.000 2.384
2296.000 2.282
2297.000 2.186
2298.000 2.133
2299.000 2.069
2300.000 1.991
2301.000 1.906
2302.000 1.780
2303.000 1.746
2304.000 1.735
2305.000 1.577
2306.000 1.668
2307.000 1.485
2308.000 1.578
2309.000 1.518
2310.000 1.530
2311.000 2.131
2312.000 1.409
2313.000 1.317
2314.000 1.266
2315.000 1.303
2316.000 1.133
2317.000 1.206
2318.000 1.290
2319.000 1.141
2320.000 1.078
2321.000 1.027
2322.000 1.111
2323.000 1.059
2324.000 0.996
2325.000 0.982
2326.000 0.960
2327.000 0.976
2328.000 0.962
2329.000 0.932
2330.000 0.889
2331.000 0.879
2332.000 0.832
2333.000 0.867
2334.000 0.854
2335.000 0.828
2336.000 0.815
2337.000 0.786
2338.000 0.855
2339.000 0.750
2340.000 0.759
2341.000 0.746
2342.000 0.726
2343.000 0.831
2344.000 0.754
2345.000 0.656
2346.000 0.679
2347.000 0.709
2348.000 0.675
2349.000 0.687
2350.000 0.629
2351.000 0.628
2352.000 0.632
2353.000 0.608
2354.000 0.786
2355.000 0.617
2356.000 0.616
2357.000 0.571
2358.000 0.563
2359.000 0.562
2360.000 0.533
2361.000 0.541
2362.000 0.519
2363.000 0.534
2364.000 0.524
2365.000 0.524
2366.000 0.492
2367.000 0.497
2368.000 0.477
2369.000 0.487
2370.000 0.490
2371.000 0.496
2372.000 0.467
2373.000 0.459
2374.000 0.456
2375.000 0.450
2376.000 0.443
2377.000 0.448
2378.000 0.428
2379.000 0.481
2380.000 0.439
2381.000 0.555
2382.000 1.284
2383.000 0.733
2384.000 0.445
2385.000 0.412
2386.000 0.445
2387.000 0.493
2388.000 1.752
2389.000 0.423
2390.000 0.375
2391.000 0.412
2392.000 0.476
2393.000 0.760
2394.000 1.038
2395.000 0.526
2396.000 0.508
2397.000 0.369
2398.000 0.402
2399.000 0.330
2400.000 0.381
