2001.000 2.672
2002.000 2.423
2003.000 2.377
2004.000 2.372
2005.000 2.416
2006.000 2.529
2007.000 2.567
2008.000 2.607
2009.000 2.524
2010.000 2.629
2011.000 2.580
2012.000 2.625
2013.000 2.625
2014.000 2.708
2015.000 2.777
2016.000 2.816
2017.000 2.753
2018.000 2.809
2019.000 2.878
2020.000 2.815
2021.000 2.964
2022.000 3.003
2023.000 2.965
2024.000 2.992
2025.000 3.019
2026.000 3.149
2027.000 3.166
2028.000 3.182
2029.000 3.274
2030.000 3.299
2031.000 3.346
2032.000 3.398
2033.000 3.451
2034.000 3.503
2035.000 3.525
2036.000 3.677
2037.000 3.670
2038.000 3.752
2039.000 3.806
2040.000 3.857
2041.000 3.959
2042.000 3.895
2043.000 4.057
2044.000 4.143
2045.000 4.320
2046.000 4.291
2047.000 4.433
2048.000 4.433
2049.000 4.596
2050.000 4.691
2051.000 4.863
2052.000 4.851
2053.000 5.024
2054.000 5.150
2055.000 5.209
2056.000 5.370
2057.000 5.694
2058.000 5.467
2059.000 5.964
2060.000 6.143
2061.000 6.418
2062.000 6.460
2063.000 6.610
2064.000 6.684
2065.000 6.889
2066.000 7.307
2067.000 7.615
2068.000 7.978
2069.000 8.191
2070.000 8.470
2071.000 8.867
2072.000 9.307
2073.000 9.775
2074.000 10.196
2075.000 10.624
2076.000 10.841
2077.000 11.584
2078.000 12.228
2079.000 12.959
2080.000 13.771
2081.000 14.508
2082.000 15.496
2083.000 16.558
2084.000 17.675
2085.000 18.182
2086.000 20.175
2087.000 20.785
2088.000 22.105
2089.000 23.543
2090.000 24.822
2091.000 25.756
2092.000 26.533
2093.000 26.719
2094.000 26.582
2095.000 25.782
2096.000 24.732
2097.000 24.116
2098.000 22.656
2099.000 20.849
2100.000 19.440
2101.000 18.077
2102.000 16.900
2103.000 15.645
2104.000 14.683
2105.000 13.881
2106.000 13.116
2107.000 12.434
2108.000 11.718
2109.000 11.160
2110.000 10.812
2111.000 10.142
2112.000 9.609
2113.000 9.410
2114.000 9.048
2115.000 8.680
2116.000 8.322
2117.000 7.967
2118.000 7.754
2119.000 7.475
2120.000 7.199
2121.000 6.996
2122.000 6.707
2123.000 6.603
2124.000 6.416
2125.000 6.290
2126.000 6.132
2127.000 5.924
2128.000 5.753
2129.000 5.589
2130.000 5.460
2131.000 5.385
2132.000 5.269
2133.000 5.191
2134.000 5.024
2135.000 4.956
2136.000 4.893
2137.000 4.797
2138.000 4.662
2139.000 4.619
2140.000 4.526
2141.000 4.419
2142.000 4.360
2143.000 4.300
2144.000 4.243
2145.000 4.169
2146.000 4.073
2147.000 4.072
2148.000 3.983
2149.000 3.937
2150.000 3.865
2151.000 3.737
2152.000 3.766
2153.000 3.709
2154.000 3.719
2155.000 3.670
2156.000 3.597
2157.000 3.585
2158.000 3.511
2159.000 3.492
2160.000 3.448
2161.000 3.438
2162.000 3.396
2163.000 3.347
2164.000 3.332
2165.000 3.273
2166.000 3.284
2167.000 3.260
2168.000 3.233
2169.000 3.220
2170.000 3.120
2171.000 3.180
2172.000 3.175
2173.000 3.146
2174.000 3.172
2175.000 3.126
2176.000 3.100
2177.000 3.071
2178.000 3.069
2179.000 3.064
2180.000 3.038
2181.000 3.009
2182.000 3.023
2183.000 2.995
2184.000 2.989
2185.000 2.969
2186.000 2.929
2187.000 3.007
2188.000 2.939
2189.000 2.960
2190.000 2.949
2191.000 2.953
2192.000 2.950
2193.000 2.958
2194.000 2.943
2195.000 2.990
2196.000 2.967
2197.000 2.944
2198.000 2.959
2199.000 2.972
2200.000 2.969
2201.000 2.975
2202.000 3.034
2203.000 3.020
2204.000 2.998
2205.000 3.055
2206.000 3.071
2207.000 3.085
2208.000 3.066
2209.000 3.129
2210.000 3.086
2211.000 3.129
2212.000 3.122
2213.000 3.201
2214.000 3.240
2215.000 3.238
2216.000 3.268
2217.000 3.250
2218.000 3.345
2219.000 3.335
2220.000 3.430
2221.000 3.447
2222.000 3.452
2223.000 3.478
2224.000 3.550
2225.000 3.643
2226.000 3.618
2227.000 3.707
2228.000 3.782
2229.000 3.854
2230.000 3.979
2231.000 3.980
2232.000 4.110
2233.000 4.161
2234.000 4.262
2235.000 4.342
2236.000 4.469
2237.000 4.586
2238.000 4.674
2239.000 4.823
2240.000 4.984
2241.000 5.139
2242.000 5.239
2243.000 5.375
2244.000 5.754
2245.000 5.800
2246.000 6.103
2247.000 6.379
2248.000 6.665
2249.000 6.943
2250.000 7.345
2251.000 7.691
2252.000 8.359
2253.000 8.850
2254.000 9.148
2255.000 9.721
2256.000 10.375
2257.000 11.432
2258.000 11.791
2259.000 12.566
2260.000 13.434
2261.000 14.124
2262.000 14.659
2263.000 15.114
2264.000 15.152
2265.000 14.740
2266.000 14.062
2267.000 13.128
2268.000 11.981
2269.000 11.367
2270.000 9.704
2271.000 9.266
2272.000 8.361
2273.000 7.681
2274.000 7.013
2275.000 6.488
2276.000 6.100
2277.000 5.565
2278.000 5.315
2279.000 4.921
2280.000 4.579
2281.000 4.442
2282.000 4.196
2283.000 3.984
2284.000 3.767
2285.000 3.578
2286.000 3.350
2287.000 3.294
2288.000 3.107
2289.000 2.890
2290.000 2.814
2291.000 2.689
2292.000 2.549
2293.000 2.448
2294.000 2.354
2295.000 2.303
2296.000 2.211
2297.000 2.139
2298.000 1.939
2299.000 1.416
2300.000 1.871
2301.000 1.837
2302.000 1.770
2303.000 1.772
2304.000 1.635
2305.000 1.597
2306.000 1.609
2307.000 1.583
2308.000 1.471
2309.000 1.460
2310.000 1.459
2311.000 1.414
2312.000 1.288
2313.000 1.342
2314.000 1.260
2315.000 1.284
2316.000 1.206
2317.000 1.177
2318.000 1.189
2319.000 1.135
2320.000 1.100
2321.000 1.080
2322.000 1.038
2323.000 1.094
2324.000 1.030
2325.000 0.973
2326.000 0.979
2327.000 0.984
2328.000 0.908
2329.000 0.989
2330.000 0.888
2331.000 0.905
2332.000 0.870
2333.000 0.861
2334.000 0.832
2335.000 0.815
2336.000 0.810
2337.000 0.789
2338.000 0.745
2339.000 0.744
2340.000 0.731
2341.000 0.705
2342.000 0.808
2343.000 0.716
2344.000 0.682
2345.000 0.654
2346.000 0.654
2347.000 0.661
2348.000 0.642
2349.000 0.627
2350.000 0.618
2351.000 0.623
2352.000 0.594
2353.000 0.604
2354.000 0.622
2355.000 0.572
2356.000 0.573
2357.000 0.561
2358.000 0.563
2359.000 0.539
2360.000 0.541
2361.000 0.545
2362.000 0.499
2363.000 0.515
2364.000 0.504
2365.000 0.490
2366.000 0.500
2367.000 0.491
2368.000 0.477
2369.000 0.464
2370.000 0.464
2371.000 0.461
2372.000 0.444
2373.000 0.445
2374.000 0.443
2375.000 0.463
2376.000 0.432
2377.000 0.422
2378.000 0.429
2379.000 0.423
2380.000 0.388
2381.000 0.405
2382.000 0.412
2383.000 0.402
2384.000 0.404
2385.000 0.385
2386.000 0.394
2387.000 0.372
2388.000 0.376
2389.000 0.376
2390.000 0.373
2391.000 0.348
2392.000 0.364
2393.000 0.351
2394.000 0.351
2395.000 0.373
2396.000 0.353
2397.000 0.348
2398.000 0.344
2399.000 0.341
2400.000 0.348
