2001.000 3.183
2002.000 3.154
2003.000 3.180
2004.000 3.154
2005.000 3.192
2006.000 3.115
2007.000 3.299
2008.000 3.200
2009.000 3.417
2010.000 3.220
2011.000 3.394
2012.000 3.491
2013.000 3.470
2014.000 3.372
2015.000 3.401
2016.000 3.407
2017.000 3.495
2018.000 3.521
2019.000 3.575
2020.000 3.588
2021.000 3.604
2022.000 3.673
2023.000 3.727
2024.000 3.784
2025.000 3.845
2026.000 3.796
2027.000 3.900
2028.000 3.963
2029.000 3.982
2030.000 3.995
2031.000 4.006
2032.000 4.042
2033.000 4.126
2034.000 4.228
2035.000 4.374
2036.000 4.354
2037.000 4.366
2038.000 4.566
2039.000 4.500
2040.000 4.663
2041.000 4.575
2042.000 4.851
2043.000 4.724
2044.000 4.663
2045.000 4.775
2046.000 4.957
2047.000 4.987
2048.000 5.249
2049.000 5.227
2050.000 5.340
2051.000 5.513
2052.000 5.591
2053.000 5.740
2054.000 5.761
2055.000 5.972
2056.000 6.005
2057.000 6.132
2058.000 6.369
2059.000 6.494
2060.000 6.674
2061.000 6.905
2062.000 6.998
2063.000 7.296
2064.000 7.314
2065.000 7.799
2066.000 7.844
2067.000 8.019
2068.000 8.366
2069.000 8.607
2070.000 8.872
2071.000 9.477
2072.000 9.783
2073.000 10.328
2074.000 10.756
2075.000 11.200
2076.000 11.734
2077.000 12.070
2078.000 12.930
2079.000 13.293
2080.000 14.014
2081.000 14.875
2082.000 15.748
2083.000 16.817
2084.000 17.959
2085.000 19.076
2086.000 20.169
2087.000 21.560
2088.000 22.806
2089.000 24.148
2090.000 25.097
2091.000 25.709
2092.000 26.072
2093.000 25.800
2094.000 24.475
2095.000 24.044
2096.000 22.808
2097.000 21.612
2098.000 19.709
2099.000 18.216
2100.000 16.872
2101.000 15.577
2102.000 15.025
2103.000 13.759
2104.000 12.685
2105.000 11.886
2106.000 11.096
2107.000 10.369
2108.000 9.752
2109.000 9.199
2110.000 8.675
2111.000 8.299
2112.000 8.009
2113.000 7.688
2114.000 7.106
2115.000 6.956
2116.000 6.602
2117.000 6.376
2118.000 6.028
2119.000 5.870
2120.000 5.591
2121.000 5.378
2122.000 5.105
2123.000 4.970
2124.000 4.725
2125.000 4.681
2126.000 4.339
2127.000 4.294
2128.000 4.246
2129.000 4.036
2130.000 3.883
2131.000 3.831
2132.000 3.752
2133.000 3.584
2134.000 3.522
2135.000 3.418
2136.000 3.289
2137.000 3.141
2138.000 3.114
2139.000 3.010
2140.000 2.905
2141.000 2.856
2142.000 2.882
2143.000 2.810
2144.000 2.685
2145.000 2.616
2146.000 2.485
2147.000 2.468
2148.000 2.386
2149.000 2.321
2150.000 2.297
2151.000 2.288
2152.000 2.173
2153.000 2.168
2154.000 2.129
2155.000 2.058
2156.000 2.032
2157.000 2.019
2158.000 1.911
2159.000 1.909
2160.000 1.773
2161.000 1.822
2162.000 1.760
2163.000 1.705
2164.000 1.687
2165.000 1.671
2166.000 1.570
2167.000 1.579
2168.000 1.550
2169.000 1.534
2170.000 1.465
2171.000 1.419
2172.000 1.417
2173.000 1.364
2174.000 1.335
2175.000 1.364
2176.000 1.301
2177.000 1.276
2178.000 1.227
2179.000 1.186
2180.000 1.183
2181.000 1.143
2182.000 1.096
2183.000 1.097
2184.000 1.058
2185.000 1.046
2186.000 0.993
2187.000 0.981
2188.000 0.956
2189.000 0.985
2190.000 0.945
2191.000 0.913
2192.000 0.901
2193.000 0.843
2194.000 0.829
2195.000 0.812
2196.000 0.782
2197.000 0.742
2198.000 0.746
2199.000 0.719
2200.000 0.715
2201.000 0.870
2202.000 0.683
2203.000 0.681
2204.000 0.717
2205.000 0.581
2206.000 1.425
2207.000 0.558
2208.000 0.546
2209.000 0.516
2210.000 0.481
2211.000 0.479
2212.000 0.477
2213.000 0.505
2214.000 0.387
2215.000 0.373
2216.000 0.343
2217.000 0.357
2218.000 0.315
2219.000 0.273
2220.000 0.246
2221.000 0.238
2222.000 0.270
2223.000 0.226
2224.000 0.160
2225.000 0.132
2226.000 0.189
2227.000 0.096
2228.000 0.171
2229.000 0.164
2230.000 0.151
2231.000 0.209
2232.000 0.170
2233.000 0.214
2234.000 0.228
2235.000 0.306
2236.000 0.321
2237.000 0.362
2238.000 0.383
2239.000 0.475
2240.000 0.528
2241.000 0.544
2242.000 0.645
2243.000 0.688
2244.000 0.791
2245.000 0.861
2246.000 0.943
2247.000 1.113
2248.000 1.088
2249.000 1.250
2250.000 1.443
2251.000 1.459
2252.000 1.674
2253.000 1.841
2254.000 2.126
2255.000 2.383
2256.000 2.544
2257.000 2.879
2258.000 3.215
2259.000 3.461
2260.000 3.742
2261.000 3.933
2262.000 4.192
2263.000 4.393
2264.000 4.521
2265.000 4.489
2266.000 4.471
2267.000 4.204
2268.000 3.868
2269.000 3.713
2270.000 3.414
2271.000 3.160
2272.000 2.944
2273.000 2.871
2274.000 2.697
2275.000 2.599
2276.000 2.355
2277.000 2.240
2278.000 2.153
2279.000 2.127
2280.000 2.012
2281.000 1.966
2282.000 1.892
2283.000 1.803
2284.000 1.726
2285.000 1.676
2286.000 1.629
2287.000 1.559
2288.000 1.526
2289.000 1.565
2290.000 1.451
2291.000 1.405
2292.000 1.408
2293.000 1.382
2294.000 1.289
2295.000 1.372
2296.000 1.269
2297.000 1.211
2298.000 1.227
2299.000 1.150
2300.000 1.144
2301.000 1.172
2302.000 0.990
2303.000 1.110
2304.000 1.009
2305.000 1.099
2306.000 1.084
2307.000 0.988
2308.000 0.990
2309.000 0.990
2310.000 0.964
2311.000 0.988
2312.000 0.962
2313.000 0.914
2314.000 0.934
2315.000 0.886
2316.000 0.899
2317.000 0.882
2318.000 0.864
2319.000 0.845
2320.000 0.847
2321.000 0.797
2322.000 0.823
2323.000 0.831
2324.000 0.816
2325.000 0.773
2326.000 0.763
2327.000 0.782
2328.000 0.761
2329.000 0.776
2330.000 0.744
2331.000 0.701
2332.000 0.747
2333.000 0.771
2334.000 0.701
2335.000 0.719
2336.000 0.717
2337.000 0.699
2338.000 0.684
2339.000 0.687
2340.000 0.707
2341.000 0.830
2342.000 0.676
2343.000 0.655
2344.000 0.809
2345.000 0.612
2346.000 0.615
2347.000 0.622
2348.000 0.668
2349.000 0.539
2350.000 0.559
2351.000 0.603
2352.000 0.581
2353.000 0.607
2354.000 0.597
2355.000 0.615
2356.000 0.571
2357.000 0.574
2358.000 0.565
2359.000 0.562
2360.000 0.556
2361.000 0.564
2362.000 0.550
2363.000 0.537
2364.000 0.520
2365.000 0.534
2366.000 0.537
2367.000 0.525
2368.000 0.535
2369.000 0.502
2370.000 0.524
2371.000 0.503
2372.000 0.501
2373.000 0.505
2374.000 0.494
2375.000 0.486
2376.000 0.489
2377.000 0.483
2378.000 0.482
2379.000 0.475
2380.000 0.468
2381.000 0.473
2382.000 0.481
2383.000 0.463
2384.000 0.461
2385.000 0.477
2386.000 0.461
2387.000 0.447
2388.000 0.452
2389.000 0.446
2390.000 0.447
2391.000 0.446
2392.000 0.441
2393.000 0.443
2394.000 0.443
2395.000 0.431
2396.000 0.416
2397.000 0.425
2398.000 0.424
2399.000 0.411
2400.000 0.417
