2001.000 3.854
2002.000 3.487
2003.000 3.562
2004.000 3.599
2005.000 3.671
2006.000 3.585
2007.000 3.590
2008.000 3.697
2009.000 3.663
2010.000 3.712
2011.000 3.751
2012.000 3.747
2013.000 3.897
2014.000 3.719
2015.000 3.937
2016.000 3.886
2017.000 3.900
2018.000 4.001
2019.000 4.006
2020.000 3.962
2021.000 3.872
2022.000 4.050
2023.000 4.249
2024.000 4.117
2025.000 4.183
2026.000 4.276
2027.000 4.318
2028.000 4.253
2029.000 4.509
2030.000 4.683
2031.000 4.482
2032.000 4.376
2033.000 4.522
2034.000 4.786
2035.000 4.677
2036.000 4.772
2037.000 4.443
2038.000 4.498
2039.000 5.184
2040.000 5.078
2041.000 5.089
2042.000 5.202
2043.000 5.220
2044.000 5.294
2045.000 5.319
2046.000 5.491
2047.000 5.520
2048.000 5.626
2049.000 5.694
2050.000 5.813
2051.000 5.971
2052.000 6.059
2053.000 6.222
2054.000 6.328
2055.000 6.346
2056.000 6.485
2057.000 6.685
2058.000 6.889
2059.000 6.959
2060.000 7.191
2061.000 7.449
2062.000 7.312
2063.000 7.803
2064.000 7.918
2065.000 8.231
2066.000 8.890
2067.000 8.860
2068.000 8.985
2069.000 9.169
2070.000 9.466
2071.000 9.867
2072.000 10.292
2073.000 10.546
2074.000 10.939
2075.000 11.376
2076.000 11.465
2077.000 12.320
2078.000 12.933
2079.000 13.604
2080.000 14.248
2081.000 14.014
2082.000 15.893
2083.000 16.331
2084.000 16.951
2085.000 18.363
2086.000 18.985
2087.000 19.707
2088.000 20.547
2089.000 21.393
2090.000 22.140
2091.000 22.493
2092.000 22.720
2093.000 22.600
2094.000 22.521
2095.000 22.014
2096.000 20.885
2097.000 20.008
2098.000 18.958
2099.000 18.248
2100.000 16.539
2101.000 15.380
2102.000 14.512
2103.000 13.481
2104.000 12.618
2105.000 11.806
2106.000 11.437
2107.000 10.454
2108.000 10.088
2109.000 9.552
2110.000 9.032
2111.000 8.483
2112.000 8.134
2113.000 7.684
2114.000 7.351
2115.000 6.979
2116.000 6.593
2117.000 6.356
2118.000 6.277
2119.000 5.906
2120.000 5.655
2121.000 5.362
2122.000 5.188
2123.000 5.049
2124.000 4.606
2125.000 4.732
2126.000 4.340
2127.000 4.268
2128.000 4.160
2129.000 3.973
2130.000 3.801
2131.000 3.743
2132.000 3.651
2133.000 3.403
2134.000 3.359
2135.000 3.238
2136.000 3.151
2137.000 3.188
2138.000 2.999
2139.000 2.950
2140.000 2.810
2141.000 2.762
2142.000 2.626
2143.000 2.569
2144.000 2.560
2145.000 2.387
2146.000 2.346
2147.000 2.281
2148.000 2.221
2149.000 2.140
2150.000 2.076
2151.000 2.024
2152.000 2.047
2153.000 2.003
2154.000 1.905
2155.000 1.871
2156.000 1.798
2157.000 1.788
2158.000 1.797
2159.000 1.663
2160.000 1.523
2161.000 1.440
2162.000 1.485
2163.000 1.435
2164.000 1.367
2165.000 1.348
2166.000 1.322
2167.000 1.254
2168.000 1.221
2169.000 1.207
2170.000 1.125
2171.000 1.083
2172.000 1.108
2173.000 1.051
2174.000 1.004
2175.000 0.977
2176.000 0.929
2177.000 0.921
2178.000 0.855
2179.000 0.859
2180.000 0.816
2181.000 0.777
2182.000 0.742
2183.000 0.716
2184.000 0.670
2185.000 0.645
2186.000 0.603
2187.000 0.598
2188.000 0.570
2189.000 0.551
2190.000 0.505
2191.000 0.528
2192.000 0.499
2193.000 0.411
2194.000 0.377
2195.000 0.504
2196.000 0.571
2197.000 0.314
2198.000 0.725
2199.000 0.283
2200.000 0.208
2201.000 0.391
2202.000 0.231
2203.000 0.376
2204.000 0.162
2205.000 0.208
2206.000 0.249
2207.000 0.345
2208.000 0.158
2209.000 0.203
2210.000 0.211
2211.000 0.194
2212.000 0.336
2213.000 0.833
2214.000 0.360
2215.000 0.445
2216.000 0.350
2217.000 0.377
2218.000 0.473
2219.000 0.468
2220.000 0.551
2221.000 0.594
2222.000 0.595
2223.000 0.687
2224.000 0.783
2225.000 0.802
2226.000 0.793
2227.000 1.021
2228.000 0.915
2229.000 0.916
2230.000 1.072
2231.000 1.103
2232.000 1.144
2233.000 1.220
2234.000 1.272
2235.000 1.448
2236.000 1.493
2237.000 1.543
2238.000 1.743
2239.000 1.747
2240.000 1.800
2241.000 1.912
2242.000 2.152
2243.000 2.244
2244.000 2.360
2245.000 2.540
2246.000 2.668
2247.000 2.883
2248.000 3.082
2249.000 3.344
2250.000 3.654
2251.000 3.777
2252.000 4.172
2253.000 4.620
2254.000 4.925
2255.000 5.351
2256.000 5.875
2257.000 6.423
2258.000 6.984
2259.000 7.603
2260.000 8.153
2261.000 8.746
2262.000 9.193
2263.000 9.379
2264.000 9.401
2265.000 9.248
2266.000 8.800
2267.000 8.200
2268.000 7.569
2269.000 6.914
2270.000 6.552
2271.000 6.099
2272.000 5.637
2273.000 5.229
2274.000 4.825
2275.000 4.544
2276.000 4.489
2277.000 4.096
2278.000 3.913
2279.000 3.779
2280.000 3.622
2281.000 3.385
2282.000 3.296
2283.000 3.179
2284.000 2.952
2285.000 2.873
2286.000 2.792
2287.000 2.713
2288.000 2.615
2289.000 2.573
2290.000 2.481
2291.000 2.400
2292.000 2.313
2293.000 2.301
2294.000 2.214
2295.000 2.127
2296.000 2.046
2297.000 2.053
2298.000 1.970
2299.000 1.945
2300.000 1.891
2301.000 1.832
2302.000 1.826
2303.000 1.744
2304.000 1.727
2305.000 1.724
2306.000 1.681
2307.000 1.613
2308.000 1.584
2309.000 1.637
2310.000 1.499
2311.000 1.502
2312.000 1.468
2313.000 1.441
2314.000 1.432
2315.000 1.486
2316.000 1.404
2317.000 1.316
2318.000 1.318
2319.000 1.394
2320.000 1.320
2321.000 1.252
2322.000 1.222
2323.000 1.264
2324.000 1.229
2325.000 1.246
2326.000 1.200
2327.000 1.200
2328.000 1.189
2329.000 1.130
2330.000 1.149
2331.000 1.061
2332.000 1.077
2333.000 1.110
2334.000 1.055
2335.000 1.076
2336.000 1.069
2337.000 1.037
2338.000 1.040
2339.000 1.003
2340.000 1.038
2341.000 1.087
2342.000 0.979
2343.000 0.968
2344.000 0.928
2345.000 0.965
2346.000 0.944
2347.000 0.934
2348.000 0.985
2349.000 1.005
2350.000 0.888
2351.000 0.881
2352.000 0.874
2353.000 0.896
2354.000 0.870
2355.000 0.848
2356.000 0.837
2357.000 0.835
2358.000 0.831
2359.000 0.830
2360.000 0.812
2361.000 0.793
2362.000 0.883
2363.000 0.791
2364.000 0.872
2365.000 0.823
2366.000 0.858
2367.000 0.813
2368.000 0.734
2369.000 0.753
2370.000 0.747
2371.000 0.730
2372.000 0.741
2373.000 0.719
2374.000 0.720
2375.000 0.710
2376.000 0.694
2377.000 0.695
2378.000 0.699
2379.000 0.690
2380.000 0.670
2381.000 0.872
2382.000 0.667
2383.000 0.679
2384.000 0.667
2385.000 0.668
2386.000 0.662
2387.000 0.667
2388.000 0.661
2389.000 0.657
2390.000 0.637
2391.000 0.627
2392.000 0.610
2393.000 0.635
2394.000 0.631
2395.000 0.624
2396.000 0.618
2397.000 0.618
2398.000 0.600
2399.000 0.608
2400.000 0.604
