2001.000 3.810
2002.000 3.626
2003.000 3.658
2004.000 3.624
2005.000 3.697
2006.000 3.759
2007.000 3.741
2008.000 3.860
2009.000 3.872
2010.000 3.844
2011.000 3.863
2012.000 3.950
2013.000 3.944
2014.000 3.927
2015.000 4.071
2016.000 4.014
2017.000 4.023
2018.000 4.181
2019.000 4.192
2020.000 4.148
2021.000 4.195
2022.000 4.387
2023.000 4.188
2024.000 4.257
2025.000 4.392
2026.000 4.472
2027.000 4.451
2028.000 4.541
2029.000 4.354
2030.000 4.491
2031.000 4.669
2032.000 4.692
2033.000 4.728
2034.000 4.832
2035.000 4.898
2036.000 4.863
2037.000 4.859
2038.000 5.063
2039.000 5.123
2040.000 5.109
2041.000 5.434
2042.000 5.381
2043.000 5.430
2044.000 5.539
2045.000 5.542
2046.000 5.508
2047.000 5.667
2048.000 5.837
2049.000 5.898
2050.000 5.918
2051.000 6.147
2052.000 6.179
2053.000 6.364
2054.000 6.486
2055.000 6.667
2056.000 6.749
2057.000 6.970
2058.000 7.000
2059.000 7.172
2060.000 7.307
2061.000 7.613
2062.000 7.700
2063.000 7.697
2064.000 8.055
2065.000 8.334
2066.000 8.554
2067.000 8.933
2068.000 9.165
2069.000 9.521
2070.000 9.638
2071.000 10.094
2072.000 10.301
2073.000 10.659
2074.000 11.025
2075.000 11.589
2076.000 12.015
2077.000 12.617
2078.000 13.168
2079.000 13.806
2080.000 14.383
2081.000 15.100
2082.000 15.859
2083.000 16.181
2084.000 16.339
2085.000 18.162
2086.000 18.994
2087.000 19.878
2088.000 20.881
2089.000 21.447
2090.000 22.650
2091.000 22.136
2092.000 22.517
2093.000 22.497
2094.000 22.313
2095.000 21.688
2096.000 20.754
2097.000 19.707
2098.000 18.591
2099.000 17.415
2100.000 16.220
2101.000 15.147
2102.000 14.136
2103.000 13.242
2104.000 12.309
2105.000 11.554
2106.000 11.220
2107.000 10.565
2108.000 9.917
2109.000 9.240
2110.000 8.977
2111.000 8.589
2112.000 7.921
2113.000 7.452
2114.000 7.050
2115.000 6.711
2116.000 6.380
2117.000 6.378
2118.000 5.901
2119.000 6.178
2120.000 6.023
2121.000 5.136
2122.000 4.919
2123.000 4.780
2124.000 4.605
2125.000 4.422
2126.000 4.217
2127.000 4.012
2128.000 3.872
2129.000 3.933
2130.000 3.625
2131.000 3.619
2132.000 3.404
2133.000 3.103
2134.000 3.223
2135.000 3.278
2136.000 3.100
2137.000 2.884
2138.000 2.760
2139.000 2.757
2140.000 2.543
2141.000 2.358
2142.000 2.605
2143.000 2.340
2144.000 2.189
2145.000 2.100
2146.000 2.150
2147.000 2.358
2148.000 2.195
2149.000 1.933
2150.000 1.816
2151.000 1.894
2152.000 1.561
2153.000 1.627
2154.000 1.626
2155.000 1.563
2156.000 1.709
2157.000 1.456
2158.000 1.421
2159.000 1.391
2160.000 1.211
2161.000 1.384
2162.000 1.235
2163.000 1.202
2164.000 1.205
2165.000 1.160
2166.000 1.056
2167.000 0.997
2168.000 1.027
2169.000 0.982
2170.000 1.620
2171.000 0.843
2172.000 0.811
2173.000 0.756
2174.000 0.709
2175.000 0.668
2176.000 0.636
2177.000 0.622
2178.000 0.562
2179.000 0.509
2180.000 0.511
2181.000 0.457
2182.000 0.450
2183.000 0.376
2184.000 0.320
2185.000 0.404
2186.000 0.344
2187.000 0.428
2188.000 0.245
2189.000 1.043
2190.000 0.646
2191.000 0.219
2192.000 0.499
2193.000 1.199
2194.000 0.565
2195.000 0.374
2196.000 0.358
2197.000 0.197
2198.000 0.190
2199.000 0.244
2200.000 0.317
2201.000 0.662
2202.000 0.452
2203.000 0.771
2204.000 0.604
2205.000 0.451
2206.000 0.653
2207.000 0.547
2208.000 0.572
2209.000 0.683
2210.000 0.656
2211.000 1.202
2212.000 1.034
2213.000 0.756
2214.000 0.823
2215.000 0.972
2216.000 0.917
2217.000 1.088
2218.000 0.999
2219.000 1.021
2220.000 1.023
2221.000 1.155
2222.000 1.191
2223.000 1.484
2224.000 1.217
2225.000 1.412
2226.000 1.535
2227.000 1.524
2228.000 1.541
2229.000 1.560
2230.000 1.826
2231.000 1.852
2232.000 1.872
2233.000 2.022
2234.000 2.112
2235.000 2.311
2236.000 2.314
2237.000 2.485
2238.000 2.618
2239.000 2.778
2240.000 2.750
2241.000 3.019
2242.000 3.179
2243.000 3.345
2244.000 3.514
2245.000 3.807
2246.000 3.915
2247.000 4.150
2248.000 4.416
2249.000 4.956
2250.000 5.308
2251.000 5.757
2252.000 6.553
2253.000 6.423
2254.000 7.035
2255.000 7.615
2256.000 7.889
2257.000 9.111
2258.000 9.864
2259.000 10.628
2260.000 11.146
2261.000 12.465
2262.000 12.866
2263.000 12.949
2264.000 12.989
2265.000 12.794
2266.000 12.250
2267.000 11.485
2268.000 10.563
2269.000 9.703
2270.000 8.969
2271.000 8.471
2272.000 7.459
2273.000 7.001
2274.000 6.586
2275.000 6.170
2276.000 5.833
2277.000 5.590
2278.000 5.321
2279.000 5.080
2280.000 4.759
2281.000 4.553
2282.000 4.329
2283.000 4.080
2284.000 3.974
2285.000 3.815
2286.000 3.618
2287.000 3.408
2288.000 3.525
2289.000 3.361
2290.000 3.241
2291.000 3.134
2292.000 3.074
2293.000 2.989
2294.000 2.922
2295.000 2.777
2296.000 2.727
2297.000 2.662
2298.000 2.607
2299.000 2.493
2300.000 2.470
2301.000 2.457
2302.000 2.324
2303.000 2.327
2304.000 2.223
2305.000 2.224
2306.000 2.174
2307.000 2.070
2308.000 2.062
2309.000 2.026
2310.000 1.993
2311.000 1.966
2312.000 1.899
2313.000 1.856
2314.000 1.851
2315.000 1.824
2316.000 1.805
2317.000 1.736
2318.000 1.707
2319.000 1.688
2320.000 1.736
2321.000 1.586
2322.000 1.572
2323.000 1.653
2324.000 1.939
2325.000 1.495
2326.000 1.394
2327.000 1.477
2328.000 1.454
2329.000 1.517
2330.000 1.438
2331.000 1.430
2332.000 1.416
2333.000 1.374
2334.000 1.394
2335.000 1.353
2336.000 1.335
2337.000 1.323
2338.000 1.347
2339.000 1.333
2340.000 1.225
2341.000 1.256
2342.000 1.273
2343.000 1.232
2344.000 1.177
2345.000 1.183
2346.000 1.178
2347.000 1.182
2348.000 1.214
2349.000 1.155
2350.000 1.128
2351.000 1.200
2352.000 1.103
2353.000 1.099
2354.000 1.220
2355.000 1.057
2356.000 1.068
2357.000 1.027
2358.000 1.049
2359.000 1.112
2360.000 1.029
2361.000 1.012
2362.000 0.992
2363.000 0.986
2364.000 0.993
2365.000 0.940
2366.000 1.028
2367.000 0.955
2368.000 1.034
2369.000 0.950
2370.000 1.023
2371.000 0.917
2372.000 0.959
2373.000 0.891
2374.000 0.889
2375.000 0.888
2376.000 0.897
2377.000 0.878
2378.000 0.886
2379.000 0.896
2380.000 0.800
2381.000 0.898
2382.000 0.926
2383.000 0.851
2384.000 0.831
2385.000 0.849
2386.000 0.779
2387.000 0.864
2388.000 0.813
2389.000 0.806
2390.000 0.821
2391.000 0.813
2392.000 0.825
2393.000 0.854
2394.000 0.798
2395.000 0.840
2396.000 0.759
2397.000 0.760
2398.000 0.758
2399.000 0.756
2400.000 0.742
