2001.000 3.745
2002.000 3.710
2003.000 3.785
2004.000 3.766
2005.000 3.848
2006.000 3.887
2007.000 3.888
2008.000 3.931
2009.000 3.978
2010.000 4.087
2011.000 3.905
2012.000 4.073
2013.000 4.066
2014.000 4.031
2015.000 4.130
2016.000 4.138
2017.000 4.171
2018.000 4.286
2019.000 4.260
2020.000 4.293
2021.000 4.278
2022.000 4.363
2023.000 4.342
2024.000 4.600
2025.000 4.409
2026.000 4.666
2027.000 4.527
2028.000 4.507
2029.000 4.612
2030.000 4.657
2031.000 4.787
2032.000 4.722
2033.000 4.886
2034.000 4.855
2035.000 5.084
2036.000 5.058
2037.000 4.958
2038.000 5.054
2039.000 5.071
2040.000 5.353
2041.000 5.408
2042.000 5.405
2043.000 5.563
2044.000 5.594
2045.000 5.729
2046.000 5.710
2047.000 5.763
2048.000 5.959
2049.000 5.988
2050.000 6.127
2051.000 6.184
2052.000 6.417
2053.000 6.390
2054.000 6.512
2055.000 6.414
2056.000 6.909
2057.000 6.873
2058.000 7.213
2059.000 7.287
2060.000 7.522
2061.000 7.590
2062.000 7.820
2063.000 8.084
2064.000 8.298
2065.000 8.410
2066.000 8.672
2067.000 8.858
2068.000 9.107
2069.000 9.578
2070.000 9.792
2071.000 10.045
2072.000 10.496
2073.000 10.967
2074.000 11.399
2075.000 11.912
2076.000 12.408
2077.000 12.936
2078.000 13.253
2079.000 13.850
2080.000 14.576
2081.000 15.178
2082.000 15.954
2083.000 16.700
2084.000 17.460
2085.000 18.483
2086.000 19.780
2087.000 20.364
2088.000 21.105
2089.000 21.419
2090.000 22.074
2091.000 22.414
2092.000 22.603
2093.000 22.477
2094.000 21.907
2095.000 20.990
2096.000 20.035
2097.000 18.899
2098.000 17.724
2099.000 16.649
2100.000 15.724
2101.000 14.670
2102.000 13.924
2103.000 13.227
2104.000 12.197
2105.000 11.539
2106.000 10.785
2107.000 10.014
2108.000 9.524
2109.000 8.995
2110.000 8.367
2111.000 7.975
2112.000 7.506
2113.000 7.013
2114.000 6.976
2115.000 6.510
2116.000 6.361
2117.000 5.967
2118.000 5.784
2119.000 5.349
2120.000 5.261
2121.000 4.933
2122.000 4.741
2123.000 4.574
2124.000 4.342
2125.000 4.120
2126.000 4.003
2127.000 3.931
2128.000 3.813
2129.000 3.536
2130.000 3.455
2131.000 3.383
2132.000 3.349
2133.000 3.134
2134.000 2.974
2135.000 2.440
2136.000 2.746
2137.000 2.697
2138.000 2.575
2139.000 2.537
2140.000 2.426
2141.000 2.348
2142.000 2.159
2143.000 2.143
2144.000 2.084
2145.000 2.006
2146.000 1.907
2147.000 1.840
2148.000 1.814
2149.000 1.803
2150.000 1.665
2151.000 2.029
2152.000 1.552
2153.000 1.532
2154.000 1.441
2155.000 1.529
2156.000 1.309
2157.000 1.258
2158.000 1.255
2159.000 1.173
2160.000 1.129
2161.000 1.466
2162.000 1.134
2163.000 0.918
2164.000 0.906
2165.000 0.872
2166.000 0.990
2167.000 1.154
2168.000 0.844
2169.000 0.826
2170.000 0.646
2171.000 0.656
2172.000 0.600
2173.000 0.753
2174.000 0.594
2175.000 0.602
2176.000 0.430
2177.000 0.477
2178.000 0.411
2179.000 0.441
2180.000 0.322
2181.000 0.341
2182.000 0.474
2183.000 0.440
2184.000 0.223
2185.000 0.295
2186.000 0.269
2187.000 0.201
2188.000 0.139
2189.000 0.444
2190.000 0.472
2191.000 0.352
2192.000 0.319
2193.000 0.284
2194.000 0.299
2195.000 0.584
2196.000 0.397
2197.000 0.382
2198.000 0.443
2199.000 0.477
2200.000 0.534
2201.000 0.527
2202.000 0.588
2203.000 0.647
2204.000 0.681
2205.000 0.716
2206.000 0.791
2207.000 0.832
2208.000 0.847
2209.000 0.897
2210.000 0.890
2211.000 0.959
2212.000 0.996
2213.000 1.058
2214.000 1.110
2215.000 1.110
2216.000 1.222
2217.000 1.256
2218.000 1.404
2219.000 1.277
2220.000 1.424
2221.000 1.546
2222.000 1.646
2223.000 1.636
2224.000 1.721
2225.000 1.981
2226.000 1.978
2227.000 1.784
2228.000 1.916
2229.000 2.405
2230.000 2.432
2231.000 2.534
2232.000 2.526
2233.000 2.565
2234.000 2.371
2235.000 2.513
2236.000 3.094
2237.000 2.886
2238.000 3.093
2239.000 3.686
2240.000 3.363
2241.000 3.524
2242.000 3.972
2243.000 3.986
2244.000 4.323
2245.000 4.590
2246.000 4.784
2247.000 5.193
2248.000 5.315
2249.000 5.732
2250.000 6.163
2251.000 6.690
2252.000 7.121
2253.000 7.744
2254.000 8.322
2255.000 9.091
2256.000 9.807
2257.000 10.511
2258.000 11.368
2259.000 12.516
2260.000 12.941
2261.000 13.528
2262.000 14.141
2263.000 15.384
2264.000 14.863
2265.000 14.675
2266.000 14.027
2267.000 12.940
2268.000 12.042
2269.000 11.113
2270.000 10.234
2271.000 9.439
2272.000 8.908
2273.000 8.809
2274.000 7.677
2275.000 7.341
2276.000 6.914
2277.000 6.628
2278.000 6.005
2279.000 5.822
2280.000 5.422
2281.000 5.578
2282.000 5.125
2283.000 4.979
2284.000 4.674
2285.000 4.541
2286.000 4.319
2287.000 4.034
2288.000 3.943
2289.000 3.885
2290.000 3.700
2291.000 3.548
2292.000 3.188
2293.000 3.523
2294.000 3.358
2295.000 3.262
2296.000 3.234
2297.000 3.262
2298.000 3.030
2299.000 3.021
2300.000 3.019
2301.000 2.981
2302.000 2.706
2303.000 2.637
2304.000 2.573
2305.000 2.176
2306.000 2.666
2307.000 2.494
2308.000 2.380
2309.000 2.333
2310.000 2.236
2311.000 2.273
2312.000 2.173
2313.000 3.507
2314.000 2.459
2315.000 2.149
2316.000 1.854
2317.000 2.006
2318.000 1.997
2319.000 1.967
2320.000 1.932
2321.000 1.943
2322.000 1.804
2323.000 1.874
2324.000 1.794
2325.000 1.797
2326.000 1.890
2327.000 1.734
2328.000 1.668
2329.000 1.798
2330.000 1.741
2331.000 1.891
2332.000 1.729
2333.000 1.674
2334.000 1.602
2335.000 1.573
2336.000 1.502
2337.000 1.521
2338.000 1.448
2339.000 1.320
2340.000 1.931
2341.000 1.270
2342.000 1.379
2343.000 1.411
2344.000 1.345
2345.000 1.593
2346.000 1.309
2347.000 1.371
2348.000 1.283
2349.000 1.350
2350.000 1.686
2351.000 1.319
2352.000 1.314
2353.000 1.226
2354.000 1.236
2355.000 1.228
2356.000 1.188
2357.000 1.195
2358.000 1.170
2359.000 1.172
2360.000 1.159
2361.000 1.163
2362.000 1.136
2363.000 1.109
2364.000 1.149
2365.000 1.138
2366.000 1.161
2367.000 1.109
2368.000 1.055
2369.000 1.123
2370.000 1.072
2371.000 1.015
2372.000 1.032
2373.000 1.155
2374.000 1.171
2375.000 1.449
2376.000 1.014
2377.000 1.003
2378.000 1.003
2379.000 0.973
2380.000 0.976
2381.000 0.985
2382.000 0.958
2383.000 0.998
2384.000 0.954
2385.000 0.897
2386.000 1.054
2387.000 1.167
2388.000 0.919
2389.000 0.918
2390.000 0.910
2391.000 0.909
2392.000 0.850
2393.000 0.903
2394.000 0.862
2395.000 0.855
2396.000 0.847
2397.000 0.855
2398.000 0.863
2399.000 0.824
2400.000 0.853
