2001.000 3.701
2002.000 3.751
2003.000 3.726
2004.000 3.803
2005.000 3.784
2006.000 3.788
2007.000 3.859
2008.000 3.927
2009.000 3.922
2010.000 3.931
2011.000 3.997
2012.000 3.987
2013.000 4.046
2014.000 4.100
2015.000 4.142
2016.000 4.190
2017.000 4.136
2018.000 4.181
2019.000 4.207
2020.000 4.253
2021.000 4.389
2022.000 4.374
2023.000 4.385
2024.000 4.485
2025.000 4.492
2026.000 4.542
2027.000 4.582
2028.000 4.654
2029.000 4.672
2030.000 4.716
2031.000 4.753
2032.000 4.806
2033.000 4.854
2034.000 4.859
2035.000 5.009
2036.000 5.038
2037.000 5.083
2038.000 5.206
2039.000 5.251
2040.000 5.280
2041.000 5.398
2042.000 5.479
2043.000 5.596
2044.000 5.567
2045.000 5.663
2046.000 5.784
2047.000 5.809
2048.000 5.832
2049.000 6.025
2050.000 6.118
2051.000 6.203
2052.000 6.404
2053.000 6.416
2054.000 6.635
2055.000 6.769
2056.000 6.930
2057.000 7.109
2058.000 7.179
2059.000 7.435
2060.000 7.507
2061.000 7.764
2062.000 8.046
2063.000 8.176
2064.000 8.151
2065.000 8.448
2066.000 8.599
2067.000 9.064
2068.000 9.243
2069.000 9.520
2070.000 9.996
2071.000 10.223
2072.000 10.722
2073.000 11.081
2074.000 11.527
2075.000 12.106
2076.000 12.460
2077.000 12.833
2078.000 13.650
2079.000 13.926
2080.000 14.682
2081.000 15.387
2082.000 16.046
2083.000 16.929
2084.000 17.830
2085.000 18.922
2086.000 19.670
2087.000 20.461
2088.000 20.946
2089.000 21.833
2090.000 22.317
2091.000 22.591
2092.000 22.633
2093.000 22.386
2094.000 21.932
2095.000 21.134
2096.000 20.050
2097.000 18.830
2098.000 17.820
2099.000 16.572
2100.000 15.494
2101.000 14.450
2102.000 13.949
2103.000 13.056
2104.000 12.178
2105.000 11.410
2106.000 10.564
2107.000 9.977
2108.000 9.406
2109.000 8.916
2110.000 8.320
2111.000 7.822
2112.000 7.425
2113.000 7.193
2114.000 6.816
2115.000 6.479
2116.000 6.215
2117.000 5.984
2118.000 5.710
2119.000 5.410
2120.000 5.161
2121.000 4.965
2122.000 4.705
2123.000 4.558
2124.000 4.451
2125.000 4.217
2126.000 4.172
2127.000 3.961
2128.000 3.771
2129.000 3.604
2130.000 3.448
2131.000 3.261
2132.000 3.229
2133.000 3.160
2134.000 3.002
2135.000 2.821
2136.000 2.782
2137.000 2.719
2138.000 2.599
2139.000 2.480
2140.000 2.388
2141.000 2.332
2142.000 2.249
2143.000 2.151
2144.000 2.036
2145.000 1.969
2146.000 1.924
2147.000 1.837
2148.000 1.802
2149.000 1.767
2150.000 1.669
2151.000 1.616
2152.000 2.013
2153.000 1.417
2154.000 1.418
2155.000 1.387
2156.000 1.329
2157.000 1.256
2158.000 1.193
2159.000 1.184
2160.000 1.163
2161.000 1.081
2162.000 1.028
2163.000 0.971
2164.000 0.965
2165.000 0.905
2166.000 0.840
2167.000 0.792
2168.000 0.792
2169.000 0.688
2170.000 0.675
2171.000 0.611
2172.000 0.589
2173.000 0.545
2174.000 0.513
2175.000 0.454
2176.000 0.466
2177.000 0.381
2178.000 0.420
2179.000 0.353
2180.000 0.430
2181.000 0.265
2182.000 0.254
2183.000 0.249
2184.000 0.189
2185.000 0.178
2186.000 0.251
2187.000 0.202
2188.000 0.310
2189.000 0.315
2190.000 0.202
2191.000 0.220
2192.000 0.289
2193.000 0.303
2194.000 0.325
2195.000 0.376
2196.000 0.402
2197.000 0.402
2198.000 0.447
2199.000 0.479
2200.000 0.587
2201.000 0.586
2202.000 0.729
2203.000 0.670
2204.000 0.772
2205.000 0.735
2206.000 0.904
2207.000 0.847
2208.000 2.185
2209.000 1.244
2210.000 0.942
2211.000 0.964
2212.000 1.037
2213.000 1.080
2214.000 1.150
2215.000 1.190
2216.000 1.233
2217.000 1.282
2218.000 1.332
2219.000 1.378
2220.000 1.449
2221.000 1.547
2222.000 1.609
2223.000 1.644
2224.000 1.700
2225.000 1.827
2226.000 1.813
2227.000 1.959
2228.000 2.054
2229.000 2.155
2230.000 2.258
2231.000 2.363
2232.000 2.471
2233.000 2.533
2234.000 2.622
2235.000 2.804
2236.000 2.903
2237.000 3.080
2238.000 3.176
2239.000 3.408
2240.000 3.552
2241.000 3.673
2242.000 3.883
2243.000 4.169
2244.000 4.463
2245.000 4.454
2246.000 4.653
2247.000 5.321
2248.000 5.457
2249.000 5.808
2250.000 6.285
2251.000 6.644
2252.000 7.203
2253.000 7.757
2254.000 8.416
2255.000 9.231
2256.000 9.656
2257.000 10.630
2258.000 11.540
2259.000 11.913
2260.000 12.866
2261.000 13.637
2262.000 14.509
2263.000 14.689
2264.000 14.738
2265.000 14.391
2266.000 13.693
2267.000 13.008
2268.000 12.043
2269.000 11.294
2270.000 10.172
2271.000 9.777
2272.000 9.074
2273.000 8.626
2274.000 7.734
2275.000 7.399
2276.000 6.931
2277.000 6.539
2278.000 6.116
2279.000 5.837
2280.000 5.638
2281.000 5.469
2282.000 5.011
2283.000 5.193
2284.000 4.549
2285.000 4.447
2286.000 4.420
2287.000 4.116
2288.000 4.059
2289.000 3.907
2290.000 3.813
2291.000 3.687
2292.000 3.534
2293.000 3.430
2294.000 3.246
2295.000 3.225
2296.000 3.158
2297.000 3.075
2298.000 3.076
2299.000 2.924
2300.000 2.856
2301.000 2.813
2302.000 2.628
2303.000 2.873
2304.000 2.494
2305.000 2.604
2306.000 2.526
2307.000 2.514
2308.000 2.332
2309.000 2.337
2310.000 2.310
2311.000 2.254
2312.000 2.233
2313.000 2.134
2314.000 2.115
2315.000 2.086
2316.000 2.078
2317.000 2.005
2318.000 1.873
2319.000 1.809
2320.000 1.958
2321.000 1.916
2322.000 1.994
2323.000 1.769
2324.000 1.909
2325.000 1.785
2326.000 1.748
2327.000 1.708
2328.000 1.730
2329.000 1.656
2330.000 1.661
2331.000 1.633
2332.000 1.632
2333.000 1.619
2334.000 1.568
2335.000 1.487
2336.000 1.500
2337.000 1.479
2338.000 1.486
2339.000 1.463
2340.000 1.392
2341.000 1.415
2342.000 1.370
2343.000 1.387
2344.000 1.439
2345.000 1.323
2346.000 1.332
2347.000 1.334
2348.000 1.290
2349.000 1.306
2350.000 1.300
2351.000 1.262
2352.000 1.242
2353.000 1.251
2354.000 1.235
2355.000 1.221
2356.000 1.225
2357.000 1.194
2358.000 1.191
2359.000 1.177
2360.000 1.154
2361.000 1.173
2362.000 1.135
2363.000 1.118
2364.000 1.107
2365.000 1.126
2366.000 1.082
2367.000 1.097
2368.000 1.103
2369.000 1.081
2370.000 1.059
2371.000 1.047
2372.000 1.045
2373.000 1.023
2374.000 1.005
2375.000 1.016
2376.000 0.995
2377.000 1.012
2378.000 0.982
2379.000 0.995
2380.000 0.948
2381.000 0.980
2382.000 0.950
2383.000 0.969
2384.000 0.970
2385.000 0.941
2386.000 0.937
2387.000 0.934
2388.000 0.909
2389.000 0.931
2390.000 0.931
2391.000 0.953
2392.000 0.885
2393.000 0.914
2394.000 0.917
2395.000 0.881
2396.000 0.859
2397.000 0.828
2398.000 0.856
2399.000 0.854
2400.000 0.862
