2001.000 4.158
2002.000 3.833
2003.000 3.748
2004.000 3.821
2005.000 3.767
2006.000 3.774
2007.000 3.893
2008.000 3.873
2009.000 3.959
2010.000 4.007
2011.000 3.974
2012.000 3.990
2013.000 4.034
2014.000 4.068
2015.000 4.096
2016.000 4.084
2017.000 4.189
2018.000 4.120
2019.000 4.247
2020.000 4.234
2021.000 4.295
2022.000 4.386
2023.000 4.381
2024.000 4.199
2025.000 4.490
2026.000 4.483
2027.000 4.795
2028.000 4.521
2029.000 4.549
2030.000 4.749
2031.000 4.785
2032.000 4.814
2033.000 4.830
2034.000 4.977
2035.000 5.012
2036.000 4.994
2037.000 4.997
2038.000 5.124
2039.000 5.250
2040.000 5.215
2041.000 5.382
2042.000 5.395
2043.000 5.547
2044.000 5.564
2045.000 5.607
2046.000 5.767
2047.000 5.821
2048.000 5.930
2049.000 6.029
2050.000 6.150
2051.000 6.287
2052.000 6.357
2053.000 6.409
2054.000 6.644
2055.000 6.730
2056.000 6.876
2057.000 7.078
2058.000 7.203
2059.000 7.466
2060.000 7.463
2061.000 7.615
2062.000 7.706
2063.000 8.066
2064.000 8.277
2065.000 8.534
2066.000 8.584
2067.000 9.080
2068.000 7.207
2069.000 9.315
2070.000 8.455
2071.000 10.508
2072.000 17.556
2073.000 10.058
2074.000 10.664
2075.000 11.698
2076.000 12.298
2077.000 12.770
2078.000 13.405
2079.000 14.000
2080.000 14.707
2081.000 15.410
2082.000 16.152
2083.000 17.045
2084.000 17.909
2085.000 18.418
2086.000 19.348
2087.000 20.355
2088.000 21.136
2089.000 21.785
2090.000 22.437
2091.000 22.563
2092.000 22.551
2093.000 22.556
2094.000 21.783
2095.000 20.931
2096.000 20.366
2097.000 19.173
2098.000 18.055
2099.000 17.244
2100.000 17.779
2101.000 14.486
2102.000 13.560
2103.000 12.633
2104.000 11.755
2105.000 10.924
2106.000 10.215
2107.000 9.671
2108.000 9.342
2109.000 8.833
2110.000 8.369
2111.000 7.964
2112.000 7.540
2113.000 7.135
2114.000 6.759
2115.000 6.394
2116.000 6.089
2117.000 5.762
2118.000 5.600
2119.000 5.276
2120.000 5.053
2121.000 4.933
2122.000 4.745
2123.000 4.509
2124.000 4.317
2125.000 4.123
2126.000 3.970
2127.000 3.857
2128.000 3.615
2129.000 3.450
2130.000 3.395
2131.000 3.194
2132.000 3.156
2133.000 3.074
2134.000 2.936
2135.000 2.918
2136.000 2.731
2137.000 2.649
2138.000 2.531
2139.000 2.484
2140.000 2.340
2141.000 2.251
2142.000 2.189
2143.000 2.114
2144.000 2.070
2145.000 1.954
2146.000 1.876
2147.000 1.782
2148.000 1.772
2149.000 1.664
2150.000 1.619
2151.000 1.539
2152.000 1.523
2153.000 1.411
2154.000 1.375
2155.000 1.324
2156.000 1.292
2157.000 1.242
2158.000 1.204
2159.000 1.125
2160.000 1.050
2161.000 1.038
2162.000 1.000
2163.000 0.930
2164.000 0.904
2165.000 0.829
2166.000 0.781
2167.000 0.735
2168.000 0.688
2169.000 0.715
2170.000 0.654
2171.000 0.621
2172.000 0.572
2173.000 0.639
2174.000 0.472
2175.000 0.473
2176.000 0.424
2177.000 0.406
2178.000 0.334
2179.000 0.304
2180.000 0.295
2181.000 0.271
2182.000 0.266
2183.000 0.223
2184.000 0.199
2185.000 0.158
2186.000 0.202
2187.000 0.191
2188.000 0.209
2189.000 0.243
2190.000 0.217
2191.000 0.272
2192.000 0.290
2193.000 0.328
2194.000 0.368
2195.000 0.360
2196.000 0.394
2197.000 0.466
2198.000 0.484
2199.000 0.534
2200.000 0.553
2201.000 0.653
2202.000 0.618
2203.000 0.688
2204.000 0.730
2205.000 0.748
2206.000 0.809
2207.000 0.856
2208.000 0.884
2209.000 0.927
2210.000 0.978
2211.000 0.995
2212.000 1.099
2213.000 1.131
2214.000 1.220
2215.000 1.198
2216.000 1.298
2217.000 1.339
2218.000 1.346
2219.000 1.359
2220.000 1.528
2221.000 1.540
2222.000 1.667
2223.000 1.702
2224.000 1.746
2225.000 1.858
2226.000 1.800
2227.000 1.934
2228.000 2.140
2229.000 2.175
2230.000 2.359
2231.000 2.378
2232.000 2.476
2233.000 2.606
2234.000 2.663
2235.000 2.826
2236.000 2.911
2237.000 3.075
2238.000 3.245
2239.000 3.371
2240.000 3.622
2241.000 3.822
2242.000 3.887
2243.000 4.149
2244.000 4.274
2245.000 4.586
2246.000 4.883
2247.000 5.279
2248.000 5.590
2249.000 5.954
2250.000 6.444
2251.000 6.853
2252.000 7.397
2253.000 7.986
2254.000 8.296
2255.000 9.043
2256.000 9.543
2257.000 10.312
2258.000 11.111
2259.000 12.206
2260.000 13.023
2261.000 13.747
2262.000 14.359
2263.000 14.615
2264.000 14.772
2265.000 14.358
2266.000 13.702
2267.000 13.279
2268.000 12.326
2269.000 11.440
2270.000 10.566
2271.000 9.929
2272.000 9.129
2273.000 8.512
2274.000 7.963
2275.000 7.478
2276.000 6.976
2277.000 6.566
2278.000 6.185
2279.000 6.065
2280.000 5.696
2281.000 5.465
2282.000 5.274
2283.000 4.988
2284.000 4.771
2285.000 4.589
2286.000 4.388
2287.000 4.459
2288.000 3.997
2289.000 3.955
2290.000 3.771
2291.000 3.279
2292.000 3.286
2293.000 3.602
2294.000 3.375
2295.000 3.316
2296.000 2.899
2297.000 3.166
2298.000 2.994
2299.000 2.907
2300.000 3.380
2301.000 2.687
2302.000 2.738
2303.000 2.724
2304.000 2.624
2305.000 2.614
2306.000 2.451
2307.000 2.483
2308.000 2.168
2309.000 2.954
2310.000 2.176
2311.000 2.161
2312.000 2.193
2313.000 2.166
2314.000 2.089
2315.000 2.172
2316.000 2.091
2317.000 2.076
2318.000 2.029
2319.000 1.985
2320.000 1.950
2321.000 1.960
2322.000 1.840
2323.000 1.827
2324.000 1.741
2325.000 1.775
2326.000 1.720
2327.000 1.726
2328.000 1.681
2329.000 1.764
2330.000 1.685
2331.000 1.640
2332.000 1.607
2333.000 1.569
2334.000 1.539
2335.000 1.576
2336.000 1.539
2337.000 1.543
2338.000 1.577
2339.000 1.422
2340.000 1.495
2341.000 1.412
2342.000 1.488
2343.000 1.530
2344.000 1.381
2345.000 1.564
2346.000 2.282
2347.000 1.713
2348.000 1.445
2349.000 1.428
2350.000 1.402
2351.000 1.283
2352.000 1.227
2353.000 1.278
2354.000 1.231
2355.000 1.275
2356.000 1.209
2357.000 1.167
2358.000 1.193
2359.000 1.174
2360.000 1.155
2361.000 1.186
2362.000 1.181
2363.000 1.141
2364.000 1.143
2365.000 1.124
2366.000 1.100
2367.000 1.129
2368.000 1.079
2369.000 1.088
2370.000 1.076
2371.000 1.046
2372.000 1.037
2373.000 1.062
2374.000 1.017
2375.000 1.015
2376.000 1.033
2377.000 1.012
2378.000 0.949
2379.000 1.007
2380.000 1.140
2381.000 1.071
2382.000 0.939
2383.000 0.960
2384.000 1.040
2385.000 0.980
2386.000 0.926
2387.000 0.914
2388.000 0.924
2389.000 0.912
2390.000 0.918
2391.000 0.895
2392.000 0.902
2393.000 0.892
2394.000 0.896
2395.000 0.876
2396.000 0.884
2397.000 0.866
2398.000 0.871
2399.000 0.851
2400.000 0.851
