2001.000 2.570
2002.000 2.446
2003.000 2.421
2004.000 2.462
2005.000 2.505
2006.000 2.525
2007.000 2.557
2008.000 2.588
2009.000 2.552
2010.000 2.627
2011.000 2.568
2012.000 2.884
2013.000 2.881
2014.000 2.682
2015.000 2.779
2016.000 2.796
2017.000 2.800
2018.000 2.813
2019.000 2.891
2020.000 2.871
2021.000 2.874
2022.000 3.024
2023.000 3.058
2024.000 3.058
2025.000 3.161
2026.000 3.127
2027.000 3.259
2028.000 3.224
2029.000 3.335
2030.000 3.308
2031.000 3.360
2032.000 3.451
2033.000 3.450
2034.000 3.576
2035.000 3.560
2036.000 3.674
2037.000 3.706
2038.000 3.770
2039.000 3.898
2040.000 3.853
2041.000 3.989
2042.000 3.938
2043.000 4.129
2044.000 4.097
2045.000 4.304
2046.000 4.351
2047.000 4.335
2048.000 4.472
2049.000 4.682
2050.000 4.698
2051.000 4.801
2052.000 4.885
2053.000 5.101
2054.000 4.995
2055.000 5.377
2056.000 5.777
2057.000 5.792
2058.000 5.646
2059.000 5.890
2060.000 6.047
2061.000 6.319
2062.000 6.455
2063.000 6.619
2064.000 6.958
2065.000 7.094
2066.000 7.152
2067.000 7.725
2068.000 7.836
2069.000 8.275
2070.000 8.397
2071.000 8.809
2072.000 9.025
2073.000 9.718
2074.000 10.062
2075.000 10.602
2076.000 11.161
2077.000 11.761
2078.000 12.144
2079.000 12.737
2080.000 13.541
2081.000 14.408
2082.000 15.252
2083.000 16.279
2084.000 17.436
2085.000 18.804
2086.000 20.133
2087.000 21.271
2088.000 22.824
2089.000 23.902
2090.000 24.930
2091.000 25.416
2092.000 26.203
2093.000 26.489
2094.000 26.513
2095.000 25.753
2096.000 24.684
2097.000 23.234
2098.000 21.839
2099.000 20.389
2100.000 18.838
2101.000 17.795
2102.000 17.054
2103.000 15.980
2104.000 14.957
2105.000 13.525
2106.000 13.157
2107.000 12.417
2108.000 11.793
2109.000 11.122
2110.000 10.534
2111.000 10.098
2112.000 9.632
2113.000 9.181
2114.000 8.816
2115.000 8.594
2116.000 8.149
2117.000 7.744
2118.000 7.590
2119.000 7.491
2120.000 7.185
2121.000 6.936
2122.000 6.724
2123.000 6.541
2124.000 6.337
2125.000 6.233
2126.000 6.061
2127.000 5.931
2128.000 5.746
2129.000 5.463
2130.000 5.381
2131.000 5.369
2132.000 5.170
2133.000 5.104
2134.000 4.888
2135.000 4.906
2136.000 4.747
2137.000 4.728
2138.000 4.606
2139.000 4.512
2140.000 4.428
2141.000 4.323
2142.000 4.292
2143.000 4.208
2144.000 4.112
2145.000 4.073
2146.000 3.921
2147.000 4.434
2148.000 3.872
2149.000 4.044
2150.000 3.753
2151.000 3.851
2152.000 3.774
2153.000 3.573
2154.000 3.789
2155.000 3.541
2156.000 3.509
2157.000 3.479
2158.000 3.462
2159.000 3.319
2160.000 3.407
2161.000 3.479
2162.000 3.344
2163.000 3.229
2164.000 3.312
2165.000 3.260
2166.000 3.184
2167.000 3.192
2168.000 3.239
2169.000 3.175
2170.000 3.150
2171.000 3.070
2172.000 3.078
2173.000 3.131
2174.000 3.079
2175.000 3.084
2176.000 3.010
2177.000 3.014
2178.000 2.996
2179.000 3.002
2180.000 2.962
2181.000 2.972
2182.000 2.974
2183.000 2.931
2184.000 2.945
2185.000 2.900
2186.000 2.899
2187.000 2.907
2188.000 2.896
2189.000 2.838
2190.000 2.844
2191.000 2.867
2192.000 2.908
2193.000 2.914
2194.000 2.739
2195.000 2.911
2196.000 2.911
2197.000 2.981
2198.000 2.991
2199.000 3.058
2200.000 2.881
2201.000 2.970
2202.000 2.961
2203.000 2.881
2204.000 3.007
2205.000 2.687
2206.000 2.955
2207.000 3.180
2208.000 2.939
2209.000 3.111
2210.000 2.987
2211.000 3.023
2212.000 3.123
2213.000 3.212
2214.000 3.278
2215.000 3.661
2216.000 3.207
2217.000 3.154
2218.000 3.134
2219.000 3.627
2220.000 3.212
2221.000 3.321
2222.000 3.948
2223.000 3.125
2224.000 3.393
2225.000 3.449
2226.000 3.556
2227.000 3.615
2228.000 3.598
2229.000 3.629
2230.000 3.813
2231.000 4.092
2232.000 3.990
2233.000 3.773
2234.000 4.016
2235.000 4.176
2236.000 4.223
2237.000 4.463
2238.000 4.503
2239.000 4.615
2240.000 4.748
2241.000 4.854
2242.000 5.024
2243.000 5.216
2244.000 5.404
2245.000 5.640
2246.000 5.955
2247.000 6.180
2248.000 6.274
2249.000 6.608
2250.000 7.136
2251.000 7.614
2252.000 7.807
2253.000 8.255
2254.000 8.894
2255.000 9.302
2256.000 9.889
2257.000 10.617
2258.000 11.350
2259.000 12.076
2260.000 12.809
2261.000 13.093
2262.000 14.158
2263.000 14.218
2264.000 14.307
2265.000 14.112
2266.000 13.497
2267.000 12.551
2268.000 11.430
2269.000 10.224
2270.000 9.398
2271.000 8.946
2272.000 7.849
2273.000 7.416
2274.000 6.878
2275.000 6.379
2276.000 5.884
2277.000 5.559
2278.000 5.096
2279.000 4.796
2280.000 4.405
2281.000 4.262
2282.000 3.948
2283.000 3.689
2284.000 3.636
2285.000 3.339
2286.000 3.094
2287.000 2.996
2288.000 2.921
2289.000 2.788
2290.000 2.677
2291.000 2.607
2292.000 2.484
2293.000 2.353
2294.000 2.233
2295.000 2.199
2296.000 2.130
2297.000 1.988
2298.000 1.961
2299.000 1.804
2300.000 1.811
2301.000 1.784
2302.000 1.708
2303.000 1.664
2304.000 1.601
2305.000 1.551
2306.000 1.511
2307.000 1.446
2308.000 1.431
2309.000 1.414
2310.000 1.353
2311.000 1.326
2312.000 1.248
2313.000 1.222
2314.000 1.221
2315.000 1.161
2316.000 1.194
2317.000 1.117
2318.000 1.104
2319.000 1.043
2320.000 1.050
2321.000 1.083
2322.000 1.026
2323.000 0.945
2324.000 0.973
2325.000 0.941
2326.000 0.945
2327.000 0.921
2328.000 0.883
2329.000 0.885
2330.000 0.828
2331.000 0.772
2332.000 0.849
2333.000 0.963
2334.000 0.763
2335.000 0.812
2336.000 0.826
2337.000 0.725
2338.000 0.729
2339.000 0.708
2340.000 0.716
2341.000 0.705
2342.000 0.661
2343.000 0.663
2344.000 0.645
2345.000 0.609
2346.000 0.633
2347.000 0.618
2348.000 0.596
2349.000 0.599
2350.000 0.584
2351.000 0.602
2352.000 0.595
2353.000 0.554
2354.000 0.548
2355.000 0.540
2356.000 0.554
2357.000 0.535
2358.000 0.522
2359.000 0.502
2360.000 0.492
2361.000 0.492
2362.000 0.514
2363.000 1.113
2364.000 1.175
2365.000 0.485
2366.000 0.452
2367.000 0.446
2368.000 0.481
2369.000 0.434
2370.000 0.481
2371.000 0.438
2372.000 0.436
2373.000 0.512
2374.000 0.475
2375.000 0.486
2376.000 0.551
2377.000 0.427
2378.000 0.372
2379.000 0.366
2380.000 0.393
2381.000 0.377
2382.000 0.517
2383.000 0.382
2384.000 0.908
2385.000 0.543
2386.000 0.442
2387.000 0.359
2388.000 0.339
2389.000 0.658
2390.000 0.406
2391.000 0.326
2392.000 0.329
2393.000 0.337
2394.000 0.337
2395.000 0.307
2396.000 0.324
2397.000 0.422
2398.000 0.853
2399.000 0.530
2400.000 0.407
