2001.000 2.595
2002.000 2.503
2003.000 2.507
2004.000 2.523
2005.000 2.514
2006.000 2.615
2007.000 2.625
2008.000 2.469
2009.000 2.618
2010.000 2.589
2011.000 2.662
2012.000 2.702
2013.000 2.726
2014.000 2.713
2015.000 2.795
2016.000 2.889
2017.000 2.811
2018.000 2.981
2019.000 2.982
2020.000 2.803
2021.000 2.989
2022.000 3.017
2023.000 3.169
2024.000 3.202
2025.000 3.085
2026.000 3.118
2027.000 3.210
2028.000 3.390
2029.000 3.243
2030.000 3.408
2031.000 3.410
2032.000 3.436
2033.000 3.507
2034.000 4.152
2035.000 3.748
2036.000 3.358
2037.000 3.849
2038.000 3.725
2039.000 3.866
2040.000 3.917
2041.000 4.124
2042.000 4.300
2043.000 4.127
2044.000 4.268
2045.000 4.372
2046.000 4.376
2047.000 4.503
2048.000 4.576
2049.000 4.578
2050.000 4.791
2051.000 4.886
2052.000 5.029
2053.000 4.993
2054.000 5.231
2055.000 5.308
2056.000 5.504
2057.000 5.660
2058.000 5.757
2059.000 5.879
2060.000 6.030
2061.000 6.352
2062.000 6.423
2063.000 6.709
2064.000 6.838
2065.000 7.165
2066.000 7.580
2067.000 7.236
2068.000 7.921
2069.000 8.314
2070.000 8.675
2071.000 8.801
2072.000 9.364
2073.000 9.503
2074.000 10.162
2075.000 10.607
2076.000 11.219
2077.000 11.725
2078.000 12.278
2079.000 12.988
2080.000 13.800
2081.000 14.638
2082.000 15.560
2083.000 16.854
2084.000 17.724
2085.000 18.449
2086.000 20.443
2087.000 21.569
2088.000 21.871
2089.000 24.013
2090.000 24.629
2091.000 25.805
2092.000 26.304
2093.000 26.416
2094.000 26.256
2095.000 25.469
2096.000 24.296
2097.000 23.715
2098.000 22.157
2099.000 20.116
2100.000 19.317
2101.000 17.670
2102.000 16.372
2103.000 15.122
2104.000 15.258
2105.000 13.607
2106.000 11.865
2107.000 12.376
2108.000 11.468
2109.000 11.303
2110.000 10.529
2111.000 9.552
2112.000 10.865
2113.000 9.234
2114.000 8.328
2115.000 8.654
2116.000 8.099
2117.000 7.859
2118.000 7.618
2119.000 6.943
2120.000 7.219
2121.000 6.693
2122.000 6.642
2123.000 6.214
2124.000 6.944
2125.000 6.127
2126.000 5.760
2127.000 5.970
2128.000 5.692
2129.000 5.568
2130.000 5.412
2131.000 5.225
2132.000 5.212
2133.000 5.083
2134.000 4.909
2135.000 4.835
2136.000 4.737
2137.000 4.653
2138.000 4.540
2139.000 4.471
2140.000 4.266
2141.000 4.345
2142.000 3.969
2143.000 4.111
2144.000 4.021
2145.000 4.110
2146.000 4.043
2147.000 3.855
2148.000 3.940
2149.000 3.835
2150.000 3.758
2151.000 3.726
2152.000 3.673
2153.000 3.625
2154.000 3.548
2155.000 3.529
2156.000 3.499
2157.000 3.474
2158.000 3.399
2159.000 3.423
2160.000 3.349
2161.000 3.316
2162.000 3.276
2163.000 3.202
2164.000 3.230
2165.000 3.193
2166.000 3.150
2167.000 3.076
2168.000 3.205
2169.000 3.094
2170.000 3.057
2171.000 3.062
2172.000 3.038
2173.000 3.074
2174.000 2.954
2175.000 2.990
2176.000 3.022
2177.000 3.001
2178.000 2.927
2179.000 2.999
2180.000 3.038
2181.000 2.918
2182.000 2.892
2183.000 2.884
2184.000 2.834
2185.000 2.839
2186.000 2.863
2187.000 2.862
2188.000 2.816
2189.000 2.854
2190.000 2.825
2191.000 2.802
2192.000 2.806
2193.000 2.823
2194.000 2.799
2195.000 2.817
2196.000 2.802
2197.000 2.818
2198.000 2.811
2199.000 2.846
2200.000 2.896
2201.000 2.841
2202.000 2.927
2203.000 2.887
2204.000 2.923
2205.000 2.847
2206.000 2.927
2207.000 2.854
2208.000 2.894
2209.000 2.922
2210.000 2.905
2211.000 2.943
2212.000 2.957
2213.000 3.004
2214.000 3.019
2215.000 3.038
2216.000 3.039
2217.000 3.099
2218.000 3.101
2219.000 3.185
2220.000 3.180
2221.000 3.223
2222.000 3.238
2223.000 3.333
2224.000 3.285
2225.000 3.385
2226.000 3.409
2227.000 3.444
2228.000 3.530
2229.000 3.592
2230.000 3.681
2231.000 3.715
2232.000 3.846
2233.000 3.913
2234.000 3.887
2235.000 4.086
2236.000 4.144
2237.000 4.271
2238.000 4.369
2239.000 4.428
2240.000 4.482
2241.000 4.717
2242.000 4.876
2243.000 4.872
2244.000 5.323
2245.000 5.399
2246.000 5.642
2247.000 5.855
2248.000 6.079
2249.000 6.479
2250.000 6.804
2251.000 7.093
2252.000 7.368
2253.000 7.755
2254.000 8.401
2255.000 9.087
2256.000 9.253
2257.000 9.928
2258.000 10.573
2259.000 11.252
2260.000 12.107
2261.000 12.551
2262.000 13.328
2263.000 13.715
2264.000 13.470
2265.000 13.129
2266.000 12.632
2267.000 12.146
2268.000 10.692
2269.000 10.255
2270.000 9.375
2271.000 8.493
2272.000 7.787
2273.000 7.098
2274.000 6.533
2275.000 5.982
2276.000 5.479
2277.000 5.319
2278.000 4.700
2279.000 4.448
2280.000 4.243
2281.000 3.716
2282.000 3.694
2283.000 3.321
2284.000 3.381
2285.000 3.257
2286.000 3.043
2287.000 2.876
2288.000 2.751
2289.000 2.681
2290.000 2.569
2291.000 2.479
2292.000 2.377
2293.000 2.259
2294.000 2.294
2295.000 2.045
2296.000 2.018
2297.000 1.921
2298.000 1.833
2299.000 1.755
2300.000 1.703
2301.000 1.648
2302.000 1.660
2303.000 1.592
2304.000 1.525
2305.000 1.424
2306.000 1.410
2307.000 1.388
2308.000 1.319
2309.000 1.290
2310.000 1.269
2311.000 1.270
2312.000 1.201
2313.000 1.193
2314.000 1.135
2315.000 1.140
2316.000 1.093
2317.000 1.056
2318.000 1.048
2319.000 1.017
2320.000 0.976
2321.000 1.105
2322.000 0.992
2323.000 0.923
2324.000 0.910
2325.000 0.842
2326.000 0.830
2327.000 0.812
2328.000 0.810
2329.000 0.808
2330.000 0.773
2331.000 0.756
2332.000 0.791
2333.000 0.752
2334.000 0.711
2335.000 0.738
2336.000 0.714
2337.000 0.672
2338.000 0.704
2339.000 0.674
2340.000 0.622
2341.000 0.642
2342.000 0.614
2343.000 0.631
2344.000 0.636
2345.000 0.576
2346.000 0.586
2347.000 0.556
2348.000 0.562
2349.000 0.548
2350.000 0.534
2351.000 0.533
2352.000 0.535
2353.000 0.521
2354.000 0.517
2355.000 0.494
2356.000 0.476
2357.000 0.486
2358.000 0.494
2359.000 0.479
2360.000 0.467
2361.000 0.443
2362.000 0.455
2363.000 0.467
2364.000 0.429
2365.000 0.440
2366.000 0.419
2367.000 0.423
2368.000 0.405
2369.000 0.410
2370.000 0.402
2371.000 0.390
2372.000 0.396
2373.000 0.397
2374.000 0.398
2375.000 0.367
2376.000 0.375
2377.000 0.360
2378.000 0.393
2379.000 0.373
2380.000 0.368
2381.000 0.356
2382.000 0.330
2383.000 0.340
2384.000 0.359
2385.000 0.330
2386.000 0.346
2387.000 0.324
2388.000 0.352
2389.000 0.327
2390.000 0.319
2391.000 0.311
2392.000 0.323
2393.000 0.358
2394.000 0.318
2395.000 0.310
2396.000 0.290
2397.000 0.301
2398.000 0.306
2399.000 0.328
2400.000 0.299
