2001.000 2.686
2002.000 2.590
2003.000 2.594
2004.000 2.578
2005.000 2.653
2006.000 2.715
2007.000 2.679
2008.000 2.726
2009.000 2.742
2010.000 2.844
2011.000 2.749
2012.000 2.799
2013.000 2.847
2014.000 2.868
2015.000 2.903
2016.000 2.875
2017.000 2.956
2018.000 2.997
2019.000 3.045
2020.000 3.048
2021.000 3.097
2022.000 3.087
2023.000 3.199
2024.000 3.218
2025.000 3.214
2026.000 3.328
2027.000 3.359
2028.000 3.358
2029.000 3.443
2030.000 3.498
2031.000 3.653
2032.000 3.593
2033.000 3.634
2034.000 3.656
2035.000 3.730
2036.000 3.772
2037.000 3.857
2038.000 3.899
2039.000 3.959
2040.000 4.051
2041.000 4.069
2042.000 4.317
2043.000 4.360
2044.000 4.409
2045.000 4.487
2046.000 4.477
2047.000 4.591
2048.000 4.587
2049.000 4.870
2050.000 4.862
2051.000 4.922
2052.000 5.175
2053.000 5.117
2054.000 5.404
2055.000 5.517
2056.000 5.688
2057.000 5.825
2058.000 5.987
2059.000 6.109
2060.000 6.261
2061.000 6.427
2062.000 6.617
2063.000 6.822
2064.000 7.059
2065.000 7.155
2066.000 7.536
2067.000 7.950
2068.000 8.197
2069.000 8.366
2070.000 8.794
2071.000 8.936
2072.000 9.369
2073.000 9.846
2074.000 10.232
2075.000 10.737
2076.000 11.301
2077.000 11.930
2078.000 12.643
2079.000 13.493
2080.000 14.332
2081.000 15.370
2082.000 16.307
2083.000 17.285
2084.000 17.897
2085.000 18.768
2086.000 20.199
2087.000 21.323
2088.000 22.530
2089.000 24.058
2090.000 25.109
2091.000 25.930
2092.000 26.394
2093.000 26.373
2094.000 26.239
2095.000 24.688
2096.000 24.254
2097.000 22.776
2098.000 21.358
2099.000 20.091
2100.000 18.504
2101.000 17.088
2102.000 16.101
2103.000 14.959
2104.000 14.156
2105.000 13.311
2106.000 12.574
2107.000 12.127
2108.000 11.489
2109.000 10.833
2110.000 10.390
2111.000 9.838
2112.000 9.365
2113.000 9.013
2114.000 8.539
2115.000 8.201
2116.000 8.057
2117.000 7.607
2118.000 7.216
2119.000 7.123
2120.000 7.213
2121.000 6.829
2122.000 6.538
2123.000 6.312
2124.000 6.121
2125.000 5.864
2126.000 5.712
2127.000 5.634
2128.000 5.555
2129.000 5.433
2130.000 5.165
2131.000 5.070
2132.000 4.995
2133.000 4.908
2134.000 4.748
2135.000 4.632
2136.000 4.445
2137.000 4.436
2138.000 4.356
2139.000 4.302
2140.000 4.147
2141.000 4.604
2142.000 3.782
2143.000 3.927
2144.000 3.779
2145.000 3.925
2146.000 3.633
2147.000 3.652
2148.000 3.659
2149.000 3.677
2150.000 3.628
2151.000 3.525
2152.000 3.486
2153.000 3.474
2154.000 3.435
2155.000 3.168
2156.000 3.267
2157.000 3.405
2158.000 3.250
2159.000 3.178
2160.000 3.182
2161.000 3.142
2162.000 3.186
2163.000 3.153
2164.000 3.029
2165.000 3.009
2166.000 2.990
2167.000 2.857
2168.000 2.874
2169.000 2.974
2170.000 2.898
2171.000 2.888
2172.000 2.871
2173.000 2.836
2174.000 2.810
2175.000 2.772
2176.000 2.716
2177.000 2.775
2178.000 2.728
2179.000 2.729
2180.000 2.679
2181.000 2.630
2182.000 2.701
2183.000 2.666
2184.000 2.662
2185.000 2.608
2186.000 2.686
2187.000 2.631
2188.000 2.595
2189.000 2.608
2190.000 2.507
2191.000 2.505
2192.000 2.587
2193.000 2.574
2194.000 2.581
2195.000 2.612
2196.000 2.584
2197.000 2.528
2198.000 2.596
2199.000 2.623
2200.000 2.614
2201.000 2.585
2202.000 2.586
2203.000 2.606
2204.000 2.562
2205.000 2.613
2206.000 2.620
2207.000 2.603
2208.000 2.668
2209.000 2.661
2210.000 2.685
2211.000 2.713
2212.000 2.672
2213.000 2.639
2214.000 2.709
2215.000 2.706
2216.000 2.774
2217.000 2.741
2218.000 2.775
2219.000 2.844
2220.000 2.823
2221.000 2.860
2222.000 2.937
2223.000 2.892
2224.000 2.883
2225.000 2.922
2226.000 3.051
2227.000 3.033
2228.000 3.148
2229.000 3.440
2230.000 3.491
2231.000 3.219
2232.000 3.333
2233.000 3.395
2234.000 3.459
2235.000 3.576
2236.000 3.797
2237.000 3.683
2238.000 3.812
2239.000 4.072
2240.000 4.221
2241.000 4.048
2242.000 4.253
2243.000 4.343
2244.000 4.397
2245.000 4.460
2246.000 4.851
2247.000 4.982
2248.000 5.035
2249.000 5.761
2250.000 5.702
2251.000 6.003
2252.000 6.295
2253.000 6.509
2254.000 6.957
2255.000 7.519
2256.000 7.695
2257.000 8.463
2258.000 8.988
2259.000 9.615
2260.000 10.228
2261.000 10.619
2262.000 10.925
2263.000 11.062
2264.000 11.162
2265.000 10.878
2266.000 10.665
2267.000 10.068
2268.000 9.306
2269.000 8.614
2270.000 7.818
2271.000 7.083
2272.000 6.460
2273.000 5.849
2274.000 5.346
2275.000 4.820
2276.000 4.539
2277.000 4.419
2278.000 4.109
2279.000 3.854
2280.000 3.609
2281.000 3.394
2282.000 3.183
2283.000 2.960
2284.000 2.819
2285.000 2.711
2286.000 2.555
2287.000 2.420
2288.000 2.235
2289.000 2.365
2290.000 2.171
2291.000 2.156
2292.000 1.957
2293.000 1.911
2294.000 1.747
2295.000 1.709
2296.000 1.657
2297.000 1.562
2298.000 1.538
2299.000 1.442
2300.000 1.378
2301.000 1.364
2302.000 1.349
2303.000 1.332
2304.000 1.244
2305.000 1.154
2306.000 1.133
2307.000 1.156
2308.000 1.115
2309.000 1.117
2310.000 1.062
2311.000 0.942
2312.000 0.948
2313.000 0.903
2314.000 0.982
2315.000 0.891
2316.000 0.839
2317.000 0.838
2318.000 0.881
2319.000 0.863
2320.000 0.741
2321.000 0.744
2322.000 0.771
2323.000 0.696
2324.000 0.723
2325.000 0.705
2326.000 0.669
2327.000 0.655
2328.000 0.628
2329.000 0.638
2330.000 0.628
2331.000 0.614
2332.000 0.617
2333.000 0.559
2334.000 0.776
2335.000 0.590
2336.000 0.519
2337.000 0.566
2338.000 0.515
2339.000 0.504
2340.000 0.514
2341.000 0.528
2342.000 0.489
2343.000 0.508
2344.000 0.466
2345.000 0.475
2346.000 0.455
2347.000 0.480
2348.000 0.426
2349.000 0.461
2350.000 0.392
2351.000 0.420
2352.000 0.410
2353.000 0.413
2354.000 0.385
2355.000 0.394
2356.000 0.364
2357.000 0.367
2358.000 0.374
2359.000 0.337
2360.000 0.360
2361.000 0.347
2362.000 0.348
2363.000 0.344
2364.000 0.322
2365.000 0.335
2366.000 0.340
2367.000 0.304
2368.000 0.297
2369.000 0.287
2370.000 0.308
2371.000 0.272
2372.000 0.272
2373.000 0.299
2374.000 0.312
2375.000 0.282
2376.000 0.284
2377.000 0.294
2378.000 0.276
2379.000 0.280
2380.000 0.277
2381.000 0.293
2382.000 0.267
2383.000 0.274
2384.000 0.255
2385.000 0.235
2386.000 0.219
2387.000 0.272
2388.000 0.318
2389.000 0.242
2390.000 0.372
2391.000 0.448
2392.000 0.313
2393.000 0.236
2394.000 0.243
2395.000 0.236
2396.000 0.223
2397.000 0.240
2398.000 0.220
2399.000 0.204
2400.000 0.211
