2001.000 2.867
2002.000 2.554
2003.000 2.604
2004.000 2.649
2005.000 2.652
2006.000 2.737
2007.000 2.667
2008.000 2.755
2009.000 2.770
2010.000 2.783
2011.000 2.740
2012.000 2.814
2013.000 2.837
2014.000 2.906
2015.000 2.926
2016.000 2.957
2017.000 2.957
2018.000 3.090
2019.000 3.057
2020.000 3.075
2021.000 3.196
2022.000 3.251
2023.000 3.155
2024.000 3.248
2025.000 3.266
2026.000 3.324
2027.000 3.341
2028.000 3.416
2029.000 3.587
2030.000 3.469
2031.000 3.607
2032.000 3.581
2033.000 3.710
2034.000 3.734
2035.000 3.756
2036.000 3.878
2037.000 3.891
2038.000 3.988
2039.000 3.943
2040.000 4.195
2041.000 4.100
2042.000 4.285
2043.000 4.418
2044.000 4.440
2045.000 4.468
2046.000 4.616
2047.000 4.670
2048.000 4.682
2049.000 5.014
2050.000 4.822
2051.000 5.060
2052.000 5.248
2053.000 5.284
2054.000 5.343
2055.000 5.525
2056.000 5.736
2057.000 5.972
2058.000 5.989
2059.000 6.106
2060.000 6.291
2061.000 6.577
2062.000 6.759
2063.000 6.931
2064.000 7.163
2065.000 7.400
2066.000 7.610
2067.000 7.907
2068.000 8.210
2069.000 8.564
2070.000 8.849
2071.000 9.052
2072.000 9.459
2073.000 9.908
2074.000 10.466
2075.000 10.938
2076.000 11.519
2077.000 12.054
2078.000 12.456
2079.000 13.254
2080.000 14.405
2081.000 14.848
2082.000 15.735
2083.000 16.798
2084.000 17.885
2085.000 19.149
2086.000 20.463
2087.000 21.661
2088.000 22.928
2089.000 24.196
2090.000 25.332
2091.000 26.071
2092.000 26.385
2093.000 26.390
2094.000 26.257
2095.000 25.346
2096.000 24.214
2097.000 22.877
2098.000 21.123
2099.000 19.730
2100.000 18.309
2101.000 16.968
2102.000 15.713
2103.000 14.718
2104.000 14.049
2105.000 13.510
2106.000 12.721
2107.000 11.927
2108.000 11.356
2109.000 10.877
2110.000 10.266
2111.000 9.773
2112.000 9.280
2113.000 8.908
2114.000 8.554
2115.000 8.204
2116.000 7.889
2117.000 7.684
2118.000 7.215
2119.000 7.089
2120.000 6.905
2121.000 6.724
2122.000 6.411
2123.000 6.302
2124.000 6.042
2125.000 5.780
2126.000 5.719
2127.000 5.578
2128.000 5.428
2129.000 5.261
2130.000 5.208
2131.000 5.046
2132.000 4.887
2133.000 4.809
2134.000 4.687
2135.000 4.551
2136.000 4.552
2137.000 4.425
2138.000 4.331
2139.000 4.243
2140.000 4.186
2141.000 4.033
2142.000 4.018
2143.000 3.970
2144.000 3.882
2145.000 3.851
2146.000 3.776
2147.000 3.691
2148.000 3.624
2149.000 3.536
2150.000 3.522
2151.000 3.473
2152.000 3.419
2153.000 3.394
2154.000 3.322
2155.000 3.278
2156.000 3.224
2157.000 3.206
2158.000 3.149
2159.000 3.153
2160.000 3.084
2161.000 3.103
2162.000 2.999
2163.000 3.001
2164.000 2.963
2165.000 2.923
2166.000 2.928
2167.000 2.868
2168.000 2.852
2169.000 2.827
2170.000 2.801
2171.000 2.779
2172.000 2.767
2173.000 2.710
2174.000 2.720
2175.000 2.707
2176.000 2.687
2177.000 2.659
2178.000 2.643
2179.000 2.640
2180.000 2.617
2181.000 2.599
2182.000 2.614
2183.000 2.593
2184.000 2.556
2185.000 2.542
2186.000 2.550
2187.000 2.544
2188.000 2.511
2189.000 2.524
2190.000 2.524
2191.000 2.515
2192.000 2.504
2193.000 2.513
2194.000 2.455
2195.000 2.480
2196.000 2.504
2197.000 2.457
2198.000 2.481
2199.000 2.466
2200.000 2.450
2201.000 2.493
2202.000 2.452
2203.000 2.462
2204.000 2.468
2205.000 2.468
2206.000 2.497
2207.000 2.494
2208.000 2.493
2209.000 2.495
2210.000 2.518
2211.000 2.514
2212.000 2.572
2213.000 2.536
2214.000 2.569
2215.000 2.585
2216.000 2.608
2217.000 2.608
2218.000 2.611
2219.000 2.532
2220.000 2.679
2221.000 2.671
2222.000 2.724
2223.000 2.702
2224.000 2.792
2225.000 2.768
2226.000 2.856
2227.000 2.877
2228.000 2.899
2229.000 2.976
2230.000 3.030
2231.000 3.013
2232.000 3.139
2233.000 3.119
2234.000 3.220
2235.000 3.272
2236.000 3.356
2237.000 3.460
2238.000 3.510
2239.000 3.633
2240.000 3.678
2241.000 3.767
2242.000 3.951
2243.000 3.986
2244.000 4.110
2245.000 4.267
2246.000 4.480
2247.000 4.657
2248.000 4.842
2249.000 5.096
2250.000 5.339
2251.000 5.449
2252.000 5.882
2253.000 6.067
2254.000 6.393
2255.000 6.761
2256.000 7.216
2257.000 7.699
2258.000 8.130
2259.000 8.736
2260.000 9.151
2261.000 9.396
2262.000 9.853
2263.000 10.141
2264.000 10.081
2265.000 9.916
2266.000 9.654
2267.000 9.083
2268.000 8.405
2269.000 7.800
2270.000 7.019
2271.000 6.402
2272.000 5.790
2273.000 5.340
2274.000 4.870
2275.000 4.537
2276.000 4.296
2277.000 4.067
2278.000 3.779
2279.000 3.440
2280.000 3.278
2281.000 3.026
2282.000 2.857
2283.000 2.655
2284.000 2.555
2285.000 2.405
2286.000 2.270
2287.000 2.169
2288.000 2.046
2289.000 1.986
2290.000 1.926
2291.000 1.853
2292.000 1.727
2293.000 1.658
2294.000 1.585
2295.000 1.567
2296.000 1.421
2297.000 1.444
2298.000 1.327
2299.000 1.367
2300.000 1.278
2301.000 1.200
2302.000 1.208
2303.000 1.191
2304.000 1.125
2305.000 1.079
2306.000 1.074
2307.000 1.028
2308.000 0.966
2309.000 0.931
2310.000 0.945
2311.000 0.870
2312.000 0.830
2313.000 0.817
2314.000 0.823
2315.000 0.802
2316.000 0.778
2317.000 0.751
2318.000 0.743
2319.000 0.735
2320.000 0.693
2321.000 0.688
2322.000 0.648
2323.000 0.650
2324.000 0.622
2325.000 0.597
2326.000 0.601
2327.000 0.579
2328.000 0.535
2329.000 0.582
2330.000 0.545
2331.000 0.529
2332.000 0.518
2333.000 0.496
2334.000 0.491
2335.000 0.470
2336.000 0.467
2337.000 0.465
2338.000 0.470
2339.000 0.446
2340.000 0.424
2341.000 0.411
2342.000 0.438
2343.000 0.403
2344.000 0.420
2345.000 0.413
2346.000 0.371
2347.000 0.392
2348.000 0.369
2349.000 0.405
2350.000 0.356
2351.000 0.331
2352.000 0.342
2353.000 0.334
2354.000 0.332
2355.000 0.322
2356.000 0.323
2357.000 0.314
2358.000 0.311
2359.000 0.313
2360.000 0.282
2361.000 0.281
2362.000 0.276
2363.000 0.295
2364.000 0.296
2365.000 0.291
2366.000 0.272
2367.000 0.258
2368.000 0.283
2369.000 0.268
2370.000 0.268
2371.000 0.248
2372.000 0.238
2373.000 0.266
2374.000 0.253
2375.000 0.308
2376.000 0.268
2377.000 0.227
2378.000 0.247
2379.000 0.209
2380.000 0.222
2381.000 0.222
2382.000 0.210
2383.000 0.215
2384.000 0.202
2385.000 0.197
2386.000 0.223
2387.000 0.203
2388.000 0.201
2389.000 0.195
2390.000 0.215
2391.000 0.217
2392.000 0.203
2393.000 0.181
2394.000 0.192
2395.000 0.186
2396.000 0.179
2397.000 0.192
2398.000 0.169
2399.000 0.179
2400.000 0.171
