2001.000 2.380
2002.000 2.457
2003.000 2.358
2004.000 2.512
2005.000 2.524
2006.000 2.480
2007.000 2.512
2008.000 2.500
2009.000 2.504
2010.000 2.607
2011.000 2.497
2012.000 2.615
2013.000 2.708
2014.000 2.644
2015.000 2.646
2016.000 2.766
2017.000 2.799
2018.000 2.827
2019.000 2.834
2020.000 2.990
2021.000 2.911
2022.000 2.947
2023.000 2.979
2024.000 3.081
2025.000 3.150
2026.000 3.301
2027.000 2.959
2028.000 3.189
2029.000 3.367
2030.000 3.282
2031.000 3.393
2032.000 3.457
2033.000 3.402
2034.000 3.394
2035.000 3.518
2036.000 3.638
2037.000 3.669
2038.000 3.827
2039.000 3.746
2040.000 3.831
2041.000 3.897
2042.000 4.027
2043.000 4.064
2044.000 4.170
2045.000 4.290
2046.000 4.332
2047.000 4.469
2048.000 4.459
2049.000 4.630
2050.000 4.674
2051.000 4.791
2052.000 4.924
2053.000 5.009
2054.000 5.148
2055.000 5.172
2056.000 5.352
2057.000 5.521
2058.000 5.672
2059.000 5.914
2060.000 6.094
2061.000 6.222
2062.000 6.371
2063.000 6.583
2064.000 6.877
2065.000 7.141
2066.000 7.277
2067.000 7.521
2068.000 7.897
2069.000 8.102
2070.000 8.397
2071.000 8.827
2072.000 9.219
2073.000 9.630
2074.000 9.889
2075.000 10.365
2076.000 10.881
2077.000 11.742
2078.000 12.140
2079.000 12.784
2080.000 13.556
2081.000 14.362
2082.000 15.340
2083.000 16.266
2084.000 17.579
2085.000 18.588
2086.000 19.917
2087.000 21.361
2088.000 22.009
2089.000 23.476
2090.000 24.544
2091.000 25.647
2092.000 26.350
2093.000 26.790
2094.000 26.651
2095.000 25.874
2096.000 24.898
2097.000 23.829
2098.000 23.613
2099.000 20.585
2100.000 19.732
2101.000 18.218
2102.000 17.128
2103.000 15.902
2104.000 14.861
2105.000 13.965
2106.000 12.996
2107.000 12.303
2108.000 11.596
2109.000 11.017
2110.000 10.601
2111.000 10.178
2112.000 9.775
2113.000 9.300
2114.000 8.979
2115.000 8.618
2116.000 8.370
2117.000 8.023
2118.000 7.769
2119.000 7.518
2120.000 7.247
2121.000 7.056
2122.000 6.711
2123.000 6.526
2124.000 6.441
2125.000 6.301
2126.000 6.100
2127.000 5.918
2128.000 5.843
2129.000 5.642
2130.000 5.487
2131.000 5.391
2132.000 5.310
2133.000 5.162
2134.000 5.058
2135.000 4.912
2136.000 4.853
2137.000 4.815
2138.000 4.687
2139.000 4.417
2140.000 4.548
2141.000 4.342
2142.000 4.258
2143.000 4.287
2144.000 4.242
2145.000 4.118
2146.000 4.161
2147.000 4.006
2148.000 3.985
2149.000 3.925
2150.000 3.873
2151.000 3.867
2152.000 3.773
2153.000 3.722
2154.000 3.722
2155.000 3.650
2156.000 3.606
2157.000 3.514
2158.000 3.570
2159.000 3.519
2160.000 3.492
2161.000 3.396
2162.000 3.380
2163.000 3.389
2164.000 3.360
2165.000 3.343
2166.000 3.310
2167.000 3.271
2168.000 3.237
2169.000 3.221
2170.000 3.188
2171.000 3.227
2172.000 3.189
2173.000 3.146
2174.000 3.175
2175.000 3.120
2176.000 3.093
2177.000 3.099
2178.000 3.081
2179.000 3.057
2180.000 3.083
2181.000 3.023
2182.000 2.976
2183.000 3.028
2184.000 3.027
2185.000 3.006
2186.000 2.969
2187.000 3.005
2188.000 2.984
2189.000 2.980
2190.000 3.001
2191.000 2.960
2192.000 2.978
2193.000 2.970
2194.000 2.973
2195.000 3.017
2196.000 2.974
2197.000 2.967
2198.000 2.984
2199.000 3.013
2200.000 2.986
2201.000 3.016
2202.000 3.038
2203.000 3.057
2204.000 2.910
2205.000 3.105
2206.000 3.031
2207.000 3.071
2208.000 3.111
2209.000 3.096
2210.000 3.117
2211.000 3.133
2212.000 3.192
2213.000 3.234
2214.000 3.222
2215.000 3.280
2216.000 3.296
2217.000 3.310
2218.000 3.389
2219.000 3.385
2220.000 3.410
2221.000 3.462
2222.000 3.550
2223.000 3.531
2224.000 3.541
2225.000 3.613
2226.000 3.699
2227.000 3.752
2228.000 3.810
2229.000 3.916
2230.000 3.965
2231.000 3.917
2232.000 4.072
2233.000 4.283
2234.000 4.278
2235.000 4.464
2236.000 4.508
2237.000 4.427
2238.000 4.706
2239.000 4.782
2240.000 5.044
2241.000 5.129
2242.000 5.407
2243.000 5.507
2244.000 5.697
2245.000 5.919
2246.000 6.170
2247.000 6.537
2248.000 6.245
2249.000 7.026
2250.000 7.448
2251.000 7.921
2252.000 8.577
2253.000 9.075
2254.000 9.471
2255.000 10.280
2256.000 10.861
2257.000 11.446
2258.000 11.892
2259.000 13.119
2260.000 13.461
2261.000 14.310
2262.000 14.907
2263.000 15.283
2264.000 15.396
2265.000 15.165
2266.000 14.235
2267.000 13.319
2268.000 12.039
2269.000 11.542
2270.000 10.440
2271.000 9.415
2272.000 8.517
2273.000 7.813
2274.000 7.204
2275.000 6.610
2276.000 6.150
2277.000 5.658
2278.000 5.357
2279.000 5.135
2280.000 4.521
2281.000 4.447
2282.000 4.239
2283.000 3.969
2284.000 3.828
2285.000 3.580
2286.000 3.478
2287.000 3.261
2288.000 3.128
2289.000 2.937
2290.000 2.886
2291.000 2.723
2292.000 2.601
2293.000 2.564
2294.000 2.485
2295.000 2.289
2296.000 2.304
2297.000 2.178
2298.000 2.121
2299.000 1.988
2300.000 1.981
2301.000 1.875
2302.000 1.816
2303.000 1.775
2304.000 1.755
2305.000 1.680
2306.000 1.643
2307.000 1.593
2308.000 1.526
2309.000 1.488
2310.000 1.433
2311.000 1.416
2312.000 1.355
2313.000 1.355
2314.000 1.313
2315.000 1.279
2316.000 1.237
2317.000 1.225
2318.000 1.211
2319.000 1.115
2320.000 1.113
2321.000 1.133
2322.000 1.106
2323.000 1.075
2324.000 1.031
2325.000 1.018
2326.000 0.997
2327.000 0.965
2328.000 0.966
2329.000 0.910
2330.000 0.933
2331.000 0.883
2332.000 0.869
2333.000 0.885
2334.000 0.880
2335.000 0.829
2336.000 0.814
2337.000 0.795
2338.000 0.774
2339.000 0.792
2340.000 0.748
2341.000 1.084
2342.000 0.795
2343.000 0.721
2344.000 0.689
2345.000 0.675
2346.000 0.704
2347.000 0.655
2348.000 0.639
2349.000 0.646
2350.000 0.625
2351.000 0.617
2352.000 0.613
2353.000 0.615
2354.000 0.582
2355.000 0.577
2356.000 0.718
2357.000 0.580
2358.000 0.567
2359.000 0.562
2360.000 0.517
2361.000 0.576
2362.000 0.543
2363.000 0.610
2364.000 0.476
2365.000 0.807
2366.000 0.813
2367.000 0.533
2368.000 0.493
2369.000 0.462
2370.000 0.663
2371.000 0.461
2372.000 0.466
2373.000 0.450
2374.000 0.452
2375.000 1.180
2376.000 0.587
2377.000 0.452
2378.000 0.448
2379.000 0.445
2380.000 0.442
2381.000 0.388
2382.000 0.397
2383.000 0.423
2384.000 0.417
2385.000 0.532
2386.000 0.498
2387.000 0.407
2388.000 0.382
2389.000 0.375
2390.000 0.360
2391.000 0.389
2392.000 0.372
2393.000 0.368
2394.000 0.370
2395.000 0.373
2396.000 0.329
2397.000 0.372
2398.000 0.372
2399.000 0.348
2400.000 0.335
