2001.000 3.278
2002.000 2.672
2003.000 2.699
2004.000 2.775
2005.000 2.696
2006.000 2.785
2007.000 2.833
2008.000 2.820
2009.000 2.881
2010.000 2.892
2011.000 2.916
2012.000 2.861
2013.000 2.985
2014.000 3.012
2015.000 2.998
2016.000 3.038
2017.000 3.092
2018.000 3.115
2019.000 3.124
2020.000 3.197
2021.000 3.202
2022.000 3.355
2023.000 3.326
2024.000 3.375
2025.000 3.323
2026.000 3.468
2027.000 3.459
2028.000 3.525
2029.000 3.577
2030.000 3.619
2031.000 3.728
2032.000 3.759
2033.000 3.779
2034.000 3.813
2035.000 3.910
2036.000 3.931
2037.000 3.974
2038.000 4.068
2039.000 4.119
2040.000 4.187
2041.000 4.296
2042.000 4.371
2043.000 4.410
2044.000 4.489
2045.000 4.646
2046.000 4.589
2047.000 4.822
2048.000 4.803
2049.000 4.970
2050.000 5.070
2051.000 5.213
2052.000 5.306
2053.000 5.413
2054.000 5.485
2055.000 5.671
2056.000 5.780
2057.000 5.938
2058.000 6.140
2059.000 6.334
2060.000 6.416
2061.000 6.569
2062.000 6.902
2063.000 7.008
2064.000 7.289
2065.000 7.539
2066.000 7.701
2067.000 7.961
2068.000 8.341
2069.000 8.528
2070.000 9.040
2071.000 9.374
2072.000 9.740
2073.000 10.176
2074.000 10.529
2075.000 11.013
2076.000 11.417
2077.000 12.128
2078.000 12.790
2079.000 13.480
2080.000 14.342
2081.000 15.232
2082.000 16.302
2083.000 17.252
2084.000 18.471
2085.000 19.086
2086.000 20.288
2087.000 21.578
2088.000 23.016
2089.000 24.153
2090.000 25.165
2091.000 26.017
2092.000 26.332
2093.000 26.376
2094.000 25.772
2095.000 24.859
2096.000 23.504
2097.000 22.100
2098.000 20.604
2099.000 19.881
2100.000 18.494
2101.000 17.178
2102.000 16.060
2103.000 14.916
2104.000 13.989
2105.000 13.241
2106.000 12.485
2107.000 11.656
2108.000 11.048
2109.000 10.313
2110.000 9.833
2111.000 9.613
2112.000 9.172
2113.000 8.712
2114.000 8.383
2115.000 8.083
2116.000 7.677
2117.000 7.569
2118.000 7.039
2119.000 6.767
2120.000 6.610
2121.000 6.429
2122.000 6.362
2123.000 6.104
2124.000 6.014
2125.000 5.694
2126.000 5.608
2127.000 5.403
2128.000 5.207
2129.000 5.054
2130.000 4.987
2131.000 4.918
2132.000 4.722
2133.000 4.615
2134.000 4.564
2135.000 4.479
2136.000 4.328
2137.000 4.256
2138.000 4.101
2139.000 4.136
2140.000 3.971
2141.000 3.902
2142.000 3.876
2143.000 3.782
2144.000 3.691
2145.000 3.662
2146.000 3.547
2147.000 3.527
2148.000 3.528
2149.000 3.400
2150.000 3.380
2151.000 3.294
2152.000 3.196
2153.000 3.192
2154.000 3.198
2155.000 3.128
2156.000 3.056
2157.000 3.056
2158.000 3.083
2159.000 3.042
2160.000 2.926
2161.000 2.937
2162.000 2.818
2163.000 2.774
2164.000 2.799
2165.000 2.745
2166.000 2.792
2167.000 2.731
2168.000 2.691
2169.000 2.659
2170.000 2.639
2171.000 2.595
2172.000 2.590
2173.000 2.548
2174.000 2.548
2175.000 2.507
2176.000 2.516
2177.000 2.496
2178.000 2.445
2179.000 2.437
2180.000 2.431
2181.000 2.394
2182.000 2.392
2183.000 2.393
2184.000 2.331
2185.000 2.370
2186.000 2.313
2187.000 2.345
2188.000 2.289
2189.000 2.352
2190.000 2.286
2191.000 2.264
2192.000 2.263
2193.000 2.264
2194.000 2.241
2195.000 2.254
2196.000 2.257
2197.000 2.260
2198.000 2.191
2199.000 2.234
2200.000 2.233
2201.000 2.216
2202.000 2.198
2203.000 2.237
2204.000 2.198
2205.000 2.196
2206.000 2.278
2207.000 2.140
2208.000 2.233
2209.000 2.287
2210.000 2.242
2211.000 2.263
2212.000 2.271
2213.000 2.256
2214.000 2.233
2215.000 2.252
2216.000 2.306
2217.000 2.280
2218.000 2.274
2219.000 2.322
2220.000 2.321
2221.000 2.319
2222.000 2.394
2223.000 2.403
2224.000 2.407
2225.000 2.403
2226.000 2.455
2227.000 2.446
2228.000 2.490
2229.000 2.548
2230.000 2.610
2231.000 2.659
2232.000 2.609
2233.000 2.721
2234.000 2.743
2235.000 2.765
2236.000 2.817
2237.000 2.896
2238.000 2.933
2239.000 3.019
2240.000 3.111
2241.000 3.248
2242.000 3.313
2243.000 3.387
2244.000 3.459
2245.000 3.573
2246.000 3.708
2247.000 3.888
2248.000 3.914
2249.000 4.173
2250.000 4.352
2251.000 4.871
2252.000 4.598
2253.000 5.013
2254.000 5.274
2255.000 5.664
2256.000 6.025
2257.000 6.211
2258.000 6.442
2259.000 6.803
2260.000 7.180
2261.000 7.549
2262.000 7.858
2263.000 8.060
2264.000 7.972
2265.000 7.855
2266.000 7.473
2267.000 7.048
2268.000 6.541
2269.000 6.221
2270.000 5.295
2271.000 5.143
2272.000 4.746
2273.000 4.221
2274.000 3.866
2275.000 3.590
2276.000 3.318
2277.000 3.099
2278.000 2.935
2279.000 2.382
2280.000 2.544
2281.000 2.221
2282.000 2.347
2283.000 1.987
2284.000 2.012
2285.000 1.821
2286.000 1.778
2287.000 1.638
2288.000 1.647
2289.000 1.461
2290.000 1.389
2291.000 1.375
2292.000 1.295
2293.000 1.214
2294.000 1.181
2295.000 1.147
2296.000 1.100
2297.000 1.083
2298.000 0.993
2299.000 0.952
2300.000 0.886
2301.000 0.894
2302.000 0.859
2303.000 0.822
2304.000 0.816
2305.000 0.738
2306.000 0.781
2307.000 0.680
2308.000 0.648
2309.000 0.663
2310.000 0.616
2311.000 0.664
2312.000 0.635
2313.000 0.616
2314.000 0.605
2315.000 0.543
2316.000 0.533
2317.000 0.538
2318.000 0.540
2319.000 0.500
2320.000 0.491
2321.000 0.468
2322.000 0.456
2323.000 0.440
2324.000 0.426
2325.000 0.400
2326.000 0.415
2327.000 0.369
2328.000 0.400
2329.000 0.427
2330.000 0.353
2331.000 0.360
2332.000 0.346
2333.000 0.328
2334.000 0.335
2335.000 0.330
2336.000 0.326
2337.000 0.299
2338.000 0.293
2339.000 0.304
2340.000 0.285
2341.000 0.304
2342.000 0.262
2343.000 0.269
2344.000 0.268
2345.000 0.255
2346.000 0.279
2347.000 0.241
2348.000 0.234
2349.000 0.242
2350.000 0.237
2351.000 0.212
2352.000 0.200
2353.000 0.195
2354.000 0.216
2355.000 0.203
2356.000 0.220
2357.000 0.218
2358.000 0.188
2359.000 0.195
2360.000 0.193
2361.000 0.178
2362.000 0.180
2363.000 0.176
2364.000 0.196
2365.000 0.184
2366.000 0.175
2367.000 0.168
2368.000 0.156
2369.000 0.168
2370.000 0.156
2371.000 0.161
2372.000 0.150
2373.000 0.149
2374.000 0.153
2375.000 0.171
2376.000 0.171
2377.000 0.140
2378.000 0.134
2379.000 0.135
2380.000 0.126
2381.000 0.161
2382.000 0.211
2383.000 0.147
2384.000 0.156
2385.000 0.162
2386.000 0.199
2387.000 0.188
2388.000 0.181
2389.000 0.379
2390.000 0.213
2391.000 0.118
2392.000 0.146
2393.000 0.152
2394.000 0.137
2395.000 0.179
2396.000 0.130
2397.000 0.101
2398.000 0.091
2399.000 0.095
2400.000 0.085
