2001.000 2.836
2002.000 2.692
2003.000 2.761
2004.000 2.858
2005.000 2.810
2006.000 2.850
2007.000 2.838
2008.000 2.861
2009.000 2.870
2010.000 2.946
2011.000 2.969
2012.000 2.995
2013.000 2.978
2014.000 3.089
2015.000 3.105
2016.000 3.170
2017.000 3.186
2018.000 3.219
2019.000 3.228
2020.000 3.294
2021.000 3.303
2022.000 3.317
2023.000 3.374
2024.000 3.370
2025.000 3.436
2026.000 3.497
2027.000 3.509
2028.000 3.559
2029.000 3.649
2030.000 3.708
2031.000 3.752
2032.000 3.747
2033.000 3.842
2034.000 4.072
2035.000 3.943
2036.000 4.033
2037.000 4.044
2038.000 4.091
2039.000 4.279
2040.000 4.192
2041.000 4.282
2042.000 4.421
2043.000 4.474
2044.000 4.476
2045.000 4.599
2046.000 4.692
2047.000 4.863
2048.000 4.863
2049.000 4.977
2050.000 5.125
2051.000 5.163
2052.000 5.185
2053.000 5.480
2054.000 5.483
2055.000 5.692
2056.000 5.767
2057.000 5.929
2058.000 6.113
2059.000 6.304
2060.000 6.427
2061.000 6.649
2062.000 6.913
2063.000 7.027
2064.000 7.313
2065.000 7.652
2066.000 7.856
2067.000 7.926
2068.000 8.245
2069.000 8.646
2070.000 9.113
2071.000 9.301
2072.000 9.661
2073.000 10.211
2074.000 10.561
2075.000 11.045
2076.000 11.610
2077.000 12.267
2078.000 12.869
2079.000 13.739
2080.000 14.671
2081.000 15.420
2082.000 16.355
2083.000 16.949
2084.000 17.962
2085.000 19.020
2086.000 20.502
2087.000 21.870
2088.000 23.048
2089.000 24.206
2090.000 25.156
2091.000 26.118
2092.000 26.521
2093.000 26.377
2094.000 25.763
2095.000 24.696
2096.000 24.055
2097.000 22.661
2098.000 21.140
2099.000 19.588
2100.000 18.223
2101.000 17.041
2102.000 15.910
2103.000 14.675
2104.000 13.839
2105.000 12.893
2106.000 12.524
2107.000 11.811
2108.000 11.076
2109.000 10.588
2110.000 10.012
2111.000 9.566
2112.000 9.064
2113.000 8.610
2114.000 8.323
2115.000 7.967
2116.000 7.712
2117.000 7.364
2118.000 7.017
2119.000 6.983
2120.000 6.749
2121.000 6.492
2122.000 6.249
2123.000 6.029
2124.000 5.771
2125.000 5.618
2126.000 5.460
2127.000 5.274
2128.000 5.261
2129.000 5.083
2130.000 4.920
2131.000 4.714
2132.000 4.722
2133.000 4.630
2134.000 4.442
2135.000 4.439
2136.000 4.289
2137.000 4.290
2138.000 4.055
2139.000 4.031
2140.000 3.911
2141.000 3.872
2142.000 3.829
2143.000 3.729
2144.000 3.680
2145.000 3.670
2146.000 3.538
2147.000 3.473
2148.000 3.418
2149.000 3.352
2150.000 3.308
2151.000 3.266
2152.000 3.139
2153.000 3.189
2154.000 3.105
2155.000 2.995
2156.000 3.013
2157.000 2.964
2158.000 2.935
2159.000 2.886
2160.000 2.868
2161.000 2.803
2162.000 2.750
2163.000 2.736
2164.000 2.687
2165.000 2.720
2166.000 2.638
2167.000 2.650
2168.000 2.600
2169.000 2.534
2170.000 2.512
2171.000 2.578
2172.000 2.503
2173.000 2.502
2174.000 2.416
2175.000 2.422
2176.000 2.404
2177.000 2.359
2178.000 2.317
2179.000 2.355
2180.000 2.311
2181.000 2.311
2182.000 2.396
2183.000 2.257
2184.000 2.264
2185.000 2.262
2186.000 2.238
2187.000 2.223
2188.000 2.088
2189.000 2.200
2190.000 2.180
2191.000 2.152
2192.000 2.162
2193.000 2.160
2194.000 2.165
2195.000 2.138
2196.000 2.122
2197.000 2.130
2198.000 2.111
2199.000 2.118
2200.000 2.052
2201.000 2.076
2202.000 2.090
2203.000 2.166
2204.000 2.056
2205.000 2.207
2206.000 2.065
2207.000 2.060
2208.000 2.086
2209.000 2.103
2210.000 2.179
2211.000 2.058
2212.000 2.089
2213.000 2.028
2214.000 2.128
2215.000 2.095
2216.000 2.116
2217.000 2.110
2218.000 2.065
2219.000 2.147
2220.000 2.163
2221.000 2.154
2222.000 2.225
2223.000 2.193
2224.000 2.224
2225.000 2.284
2226.000 2.324
2227.000 2.278
2228.000 2.333
2229.000 2.288
2230.000 2.357
2231.000 2.338
2232.000 2.389
2233.000 2.394
2234.000 2.608
2235.000 2.552
2236.000 2.623
2237.000 2.626
2238.000 2.722
2239.000 2.757
2240.000 2.827
2241.000 2.946
2242.000 2.873
2243.000 2.948
2244.000 3.069
2245.000 3.224
2246.000 3.521
2247.000 3.422
2248.000 3.657
2249.000 3.755
2250.000 3.878
2251.000 4.053
2252.000 4.238
2253.000 4.453
2254.000 4.588
2255.000 4.871
2256.000 5.210
2257.000 5.459
2258.000 5.788
2259.000 6.102
2260.000 6.436
2261.000 6.667
2262.000 6.837
2263.000 6.982
2264.000 6.967
2265.000 7.444
2266.000 6.689
2267.000 6.515
2268.000 5.842
2269.000 5.319
2270.000 4.792
2271.000 4.258
2272.000 3.962
2273.000 3.669
2274.000 3.351
2275.000 3.066
2276.000 2.814
2277.000 2.726
2278.000 2.519
2279.000 2.307
2280.000 2.160
2281.000 2.084
2282.000 1.911
2283.000 1.785
2284.000 1.637
2285.000 1.503
2286.000 1.486
2287.000 1.456
2288.000 1.342
2289.000 1.271
2290.000 1.217
2291.000 1.172
2292.000 1.098
2293.000 1.045
2294.000 0.977
2295.000 0.957
2296.000 0.904
2297.000 0.875
2298.000 0.859
2299.000 0.816
2300.000 0.818
2301.000 0.719
2302.000 0.690
2303.000 0.679
2304.000 0.636
2305.000 0.650
2306.000 0.652
2307.000 0.581
2308.000 0.537
2309.000 0.568
2310.000 0.464
2311.000 0.476
2312.000 0.434
2313.000 0.460
2314.000 0.433
2315.000 0.414
2316.000 0.432
2317.000 0.421
2318.000 0.420
2319.000 0.354
2320.000 0.366
2321.000 0.437
2322.000 0.385
2323.000 0.349
2324.000 0.340
2325.000 0.275
2326.000 0.308
2327.000 0.292
2328.000 0.288
2329.000 0.273
2330.000 0.286
2331.000 0.277
2332.000 0.259
2333.000 0.276
2334.000 0.254
2335.000 0.285
2336.000 0.254
2337.000 0.233
2338.000 0.204
2339.000 0.215
2340.000 0.236
2341.000 0.223
2342.000 0.206
2343.000 0.203
2344.000 0.199
2345.000 0.195
2346.000 0.173
2347.000 0.197
2348.000 0.165
2349.000 0.161
2350.000 0.163
2351.000 0.156
2352.000 0.168
2353.000 0.127
2354.000 0.167
2355.000 0.139
2356.000 0.151
2357.000 0.170
2358.000 0.117
2359.000 0.152
2360.000 0.162
2361.000 0.128
2362.000 0.133
2363.000 0.135
2364.000 0.114
2365.000 0.115
2366.000 0.121
2367.000 0.113
2368.000 0.118
2369.000 0.111
2370.000 0.122
2371.000 0.121
2372.000 0.113
2373.000 0.125
2374.000 0.091
2375.000 0.090
2376.000 0.103
2377.000 0.094
2378.000 0.099
2379.000 0.092
2380.000 0.078
2381.000 0.084
2382.000 0.089
2383.000 0.107
2384.000 0.104
2385.000 0.103
2386.000 0.257
2387.000 0.098
2388.000 0.074
2389.000 0.066
2390.000 0.078
2391.000 0.076
2392.000 0.078
2393.000 0.100
2394.000 0.068
2395.000 0.066
2396.000 0.069
2397.000 0.077
2398.000 0.061
2399.000 0.071
2400.000 0.076
