2001.000 0.549
2002.000 2.782
2003.000 2.906
2004.000 2.877
2005.000 2.975
2006.000 2.950
2007.000 2.897
2008.000 3.010
2009.000 3.130
2010.000 3.043
2011.000 3.126
2012.000 3.174
2013.000 3.194
2014.000 3.145
2015.000 3.306
2016.000 3.335
2017.000 3.305
2018.000 3.271
2019.000 3.347
2020.000 3.415
2021.000 3.445
2022.000 3.485
2023.000 3.476
2024.000 3.550
2025.000 3.576
2026.000 3.644
2027.000 3.671
2028.000 3.756
2029.000 3.716
2030.000 3.831
2031.000 3.828
2032.000 3.891
2033.000 3.934
2034.000 4.033
2035.000 4.046
2036.000 4.146
2037.000 4.253
2038.000 4.294
2039.000 4.355
2040.000 4.381
2041.000 4.446
2042.000 4.591
2043.000 4.546
2044.000 4.702
2045.000 4.880
2046.000 4.922
2047.000 4.910
2048.000 5.182
2049.000 5.204
2050.000 5.185
2051.000 5.354
2052.000 5.494
2053.000 5.541
2054.000 5.629
2055.000 5.778
2056.000 6.264
2057.000 6.205
2058.000 6.301
2059.000 6.369
2060.000 6.541
2061.000 6.633
2062.000 7.014
2063.000 7.253
2064.000 7.464
2065.000 7.528
2066.000 7.656
2067.000 8.289
2068.000 8.424
2069.000 8.774
2070.000 9.188
2071.000 9.518
2072.000 9.841
2073.000 10.276
2074.000 10.867
2075.000 11.253
2076.000 11.502
2077.000 12.556
2078.000 13.105
2079.000 13.671
2080.000 14.397
2081.000 15.212
2082.000 16.156
2083.000 17.276
2084.000 18.580
2085.000 19.435
2086.000 20.682
2087.000 22.006
2088.000 23.274
2089.000 24.552
2090.000 25.482
2091.000 26.138
2092.000 26.179
2093.000 26.428
2094.000 25.684
2095.000 24.981
2096.000 23.584
2097.000 21.993
2098.000 20.349
2099.000 18.887
2100.000 17.483
2101.000 16.465
2102.000 15.194
2103.000 14.797
2104.000 13.857
2105.000 13.027
2106.000 12.177
2107.000 11.514
2108.000 10.852
2109.000 10.207
2110.000 9.737
2111.000 9.270
2112.000 8.746
2113.000 8.272
2114.000 8.235
2115.000 7.748
2116.000 7.313
2117.000 7.172
2118.000 6.876
2119.000 6.579
2120.000 6.224
2121.000 6.130
2122.000 5.900
2123.000 5.772
2124.000 5.630
2125.000 5.507
2126.000 5.332
2127.000 5.056
2128.000 4.998
2129.000 4.824
2130.000 4.755
2131.000 4.559
2132.000 4.508
2133.000 4.390
2134.000 4.171
2135.000 4.141
2136.000 4.082
2137.000 3.960
2138.000 3.793
2139.000 3.782
2140.000 3.713
2141.000 3.565
2142.000 3.491
2143.000 3.456
2144.000 3.340
2145.000 3.309
2146.000 3.276
2147.000 3.108
2148.000 3.128
2149.000 3.179
2150.000 2.930
2151.000 3.029
2152.000 2.957
2153.000 2.822
2154.000 2.834
2155.000 2.809
2156.000 2.727
2157.000 2.679
2158.000 2.670
2159.000 2.619
2160.000 2.497
2161.000 2.560
2162.000 2.431
2163.000 2.439
2164.000 2.498
2165.000 2.327
2166.000 2.265
2167.000 2.660
2168.000 2.416
2169.000 2.257
2170.000 2.206
2171.000 2.160
2172.000 2.128
2173.000 2.139
2174.000 2.080
2175.000 2.063
2176.000 2.045
2177.000 2.094
2178.000 2.066
2179.000 2.016
2180.000 1.961
2181.000 1.976
2182.000 1.935
2183.000 1.891
2184.000 1.904
2185.000 1.854
2186.000 1.848
2187.000 1.857
2188.000 1.812
2189.000 1.830
2190.000 1.803
2191.000 1.796
2192.000 1.748
2193.000 1.725
2194.000 1.717
2195.000 1.762
2196.000 1.700
2197.000 1.694
2198.000 1.748
2199.000 1.682
2200.000 1.655
2201.000 1.625
2202.000 1.640
2203.000 1.655
2204.000 1.623
2205.000 1.691
2206.000 1.636
2207.000 1.618
2208.000 1.586
2209.000 1.567
2210.000 1.607
2211.000 1.580
2212.000 1.600
2213.000 1.563
2214.000 1.586
2215.000 1.576
2216.000 1.577
2217.000 1.598
2218.000 1.535
2219.000 1.597
2220.000 1.565
2221.000 1.572
2222.000 1.583
2223.000 1.537
2224.000 1.553
2225.000 1.571
2226.000 1.605
2227.000 1.587
2228.000 1.587
2229.000 1.621
2230.000 1.816
2231.000 1.754
2232.000 1.647
2233.000 1.614
2234.000 1.696
2235.000 1.650
2236.000 1.726
2237.000 1.695
2238.000 1.711
2239.000 1.787
2240.000 1.719
2241.000 1.895
2242.000 1.834
2243.000 1.878
2244.000 1.919
2245.000 1.983
2246.000 2.015
2247.000 2.068
2248.000 2.162
2249.000 2.160
2250.000 2.226
2251.000 2.298
2252.000 2.435
2253.000 2.503
2254.000 2.618
2255.000 2.760
2256.000 2.835
2257.000 2.943
2258.000 3.107
2259.000 3.217
2260.000 3.338
2261.000 3.377
2262.000 3.421
2263.000 3.476
2264.000 3.485
2265.000 3.333
2266.000 3.161
2267.000 2.903
2268.000 2.681
2269.000 2.396
2270.000 2.144
2271.000 1.912
2272.000 1.698
2273.000 1.531
2274.000 1.482
2275.000 1.315
2276.000 1.173
2277.000 1.121
2278.000 0.933
2279.000 0.841
2280.000 0.789
2281.000 0.796
2282.000 0.663
2283.000 0.609
2284.000 0.520
2285.000 0.528
2286.000 0.526
2287.000 0.467
2288.000 0.405
2289.000 0.375
2290.000 0.346
2291.000 0.330
2292.000 0.320
2293.000 0.280
2294.000 0.248
2295.000 0.218
2296.000 0.216
2297.000 0.159
2298.000 0.184
2299.000 0.203
2300.000 0.154
2301.000 0.141
2302.000 0.111
2303.000 0.146
2304.000 0.113
2305.000 0.096
2306.000 0.083
2307.000 0.062
2308.000 0.060
2309.000 0.062
2310.000 0.062
2311.000 0.068
2312.000 0.091
2313.000 0.037
2314.000 0.104
2315.000 0.053
2316.000 0.043
2317.000 0.041
2318.000 0.055
2319.000 0.039
2320.000 0.052
2321.000 0.034
2322.000 0.049
2323.000 0.066
2324.000 0.047
2325.000 0.056
2326.000 0.046
2327.000 0.246
2328.000 0.093
2329.000 0.057
2330.000 0.060
2331.000 0.054
2332.000 0.058
2333.000 0.060
2334.000 0.059
2335.000 0.052
2336.000 0.096
2337.000 0.066
2338.000 0.091
2339.000 0.082
2340.000 0.080
2341.000 0.085
2342.000 0.084
2343.000 0.077
2344.000 0.100
2345.000 0.064
2346.000 0.094
2347.000 0.095
2348.000 0.064
2349.000 0.080
2350.000 0.098
2351.000 0.088
2352.000 0.087
2353.000 0.070
2354.000 0.088
2355.000 0.119
2356.000 0.126
2357.000 0.077
2358.000 0.078
2359.000 0.080
2360.000 0.112
2361.000 0.093
2362.000 0.097
2363.000 0.084
2364.000 0.089
2365.000 0.081
2366.000 0.083
2367.000 0.103
2368.000 0.106
2369.000 0.101
2370.000 0.130
2371.000 0.132
2372.000 0.119
2373.000 0.098
2374.000 0.155
2375.000 0.099
2376.000 0.103
2377.000 0.412
2378.000 0.188
2379.000 0.138
2380.000 0.116
2381.000 0.155
2382.000 0.100
2383.000 0.095
2384.000 0.252
2385.000 0.125
2386.000 0.093
2387.000 0.099
2388.000 0.103
2389.000 0.117
2390.000 0.089
2391.000 0.094
2392.000 0.077
2393.000 0.091
2394.000 0.100
2395.000 0.097
2396.000 0.111
2397.000 0.097
2398.000 0.107
2399.000 0.102
2400.000 0.122
