2101.000 0.204
2102.000 0.180
2103.000 0.213
2104.000 0.195
2105.000 0.199
2106.000 0.188
2107.000 0.201
2108.000 0.202
2109.000 0.195
2110.000 0.173
2111.000 0.177
2112.000 0.192
2113.000 0.191
2114.000 0.195
2115.000 0.181
2116.000 0.200
2117.000 0.201
2118.000 0.180
2119.000 0.173
2120.000 0.180
2121.000 0.204
2122.000 0.184
2123.000 0.188
2124.000 0.171
2125.000 0.174
2126.000 0.175
2127.000 0.274
2128.000 0.174
2129.000 0.145
2130.000 0.170
2131.000 0.168
2132.000 0.163
2133.000 0.189
2134.000 0.187
2135.000 0.192
2136.000 0.175
2137.000 0.170
2138.000 0.140
2139.000 0.142
2140.000 0.169
2141.000 0.180
2142.000 0.200
2143.000 0.172
2144.000 0.150
2145.000 0.158
2146.000 0.155
2147.000 0.155
2148.000 0.159
2149.000 0.153
2150.000 0.145
2151.000 0.173
2152.000 0.174
2153.000 0.149
2154.000 0.138
2155.000 0.161
2156.000 0.152
2157.000 0.138
2158.000 0.141
2159.000 0.149
2160.000 0.126
2161.000 0.150
2162.000 0.146
2163.000 0.145
2164.000 0.139
2165.000 0.149
2166.000 0.157
2167.000 0.167
2168.000 0.145
2169.000 0.143
2170.000 0.131
2171.000 0.140
2172.000 0.128
2173.000 0.124
2174.000 0.120
2175.000 0.137
2176.000 0.132
2177.000 0.130
2178.000 0.128
2179.000 0.117
2180.000 0.155
2181.000 0.127
2182.000 0.136
2183.000 0.107
2184.000 0.143
2185.000 0.132
2186.000 0.148
2187.000 0.120
2188.000 0.165
2189.000 0.117
2190.000 0.114
2191.000 0.123
2192.000 0.119
2193.000 0.166
2194.000 0.104
2195.000 0.095
2196.000 0.100
2197.000 0.130
2198.000 0.711
2199.000 0.870
2200.000 0.312
2201.000 0.168
2202.000 0.116
2203.000 0.133
2204.000 0.337
2205.000 0.188
2206.000 0.118
2207.000 0.107
2208.000 0.053
2209.000 0.102
2210.000 0.073
2211.000 0.065
2212.000 0.078
2213.000 0.128
2214.000 0.080
2215.000 0.060
2216.000 0.104
2217.000 0.061
2218.000 0.088
2219.000 0.067
2220.000 0.098
2221.000 0.061
2222.000 0.060
2223.000 0.054
2224.000 0.073
2225.000 0.088
2226.000 0.068
2227.000 0.049
2228.000 0.061
2229.000 0.055
2230.000 0.074
2231.000 0.082
2232.000 0.089
2233.000 0.077
2234.000 0.063
2235.000 0.069
2236.000 0.092
2237.000 0.083
2238.000 0.095
2239.000 0.077
2240.000 0.124
2241.000 0.083
2242.000 0.115
2243.000 0.131
2244.000 0.105
2245.000 0.136
2246.000 0.140
2247.000 0.110
2248.000 0.093
2249.000 0.196
2250.000 0.174
2251.000 0.165
2252.000 0.183
2253.000 0.180
2254.000 0.172
2255.000 0.230
2256.000 0.255
2257.000 0.305
2258.000 0.297
2259.000 0.373
2260.000 0.672
2261.000 0.260
2262.000 0.328
2263.000 0.399
2264.000 0.446
2265.000 0.561
2266.000 0.517
2267.000 0.533
2268.000 0.630
2269.000 0.616
2270.000 0.611
2271.000 0.801
2272.000 0.824
2273.000 0.871
2274.000 0.967
2275.000 1.084
2276.000 1.239
2277.000 1.416
2278.000 1.540
2279.000 1.683
2280.000 1.943
2281.000 2.033
2282.000 2.294
2283.000 2.681
2284.000 3.044
2285.000 3.562
2286.000 4.372
2287.000 5.128
2288.000 6.243
2289.000 7.822
2290.000 9.445
2291.000 11.733
2292.000 14.605
2293.000 17.350
2294.000 18.705
2295.000 20.825
2296.000 21.357
2297.000 19.464
2298.000 15.823
2299.000 12.933
2300.000 11.340
2301.000 9.854
2302.000 8.317
2303.000 6.837
2304.000 5.711
2305.000 4.727
2306.000 4.278
2307.000 3.588
2308.000 2.947
2309.000 2.487
2310.000 2.182
2311.000 1.883
2312.000 1.590
2313.000 1.350
2314.000 1.177
2315.000 1.081
2316.000 0.950
2317.000 0.891
2318.000 0.810
2319.000 0.740
2320.000 0.709
2321.000 0.545
2322.000 0.561
2323.000 0.489
2324.000 0.445
2325.000 0.444
2326.000 0.358
2327.000 0.346
2328.000 0.315
2329.000 0.244
2330.000 0.237
2331.000 0.239
2332.000 0.180
2333.000 0.240
2334.000 0.113
2335.000 0.124
2336.000 0.196
2337.000 0.141
2338.000 0.110
2339.000 0.128
2340.000 0.148
2341.000 0.110
2342.000 0.153
2343.000 0.224
2344.000 0.112
2345.000 0.082
2346.000 0.084
2347.000 0.057
2348.000 0.052
2349.000 0.069
2350.000 0.078
2351.000 0.037
2352.000 0.047
2353.000 0.050
2354.000 0.054
2355.000 0.030
2356.000 0.067
2357.000 0.073
2358.000 0.074
2359.000 0.077
2360.000 0.109
2361.000 0.073
2362.000 0.114
2363.000 0.039
2364.000 0.077
2365.000 0.060
2366.000 0.065
2367.000 0.070
2368.000 0.055
2369.000 0.065
2370.000 0.069
2371.000 0.086
2372.000 0.105
2373.000 0.075
2374.000 0.073
2375.000 0.076
2376.000 0.083
2377.000 0.067
2378.000 0.086
2379.000 0.060
2380.000 0.080
2381.000 0.089
2382.000 0.082
2383.000 0.096
2384.000 0.099
2385.000 0.078
2386.000 0.068
2387.000 0.068
2388.000 0.077
2389.000 0.087
2390.000 0.142
2391.000 0.097
2392.000 0.121
2393.000 0.207
2394.000 0.109
2395.000 0.108
2396.000 0.098
2397.000 0.104
2398.000 0.117
2399.000 0.125
2400.000 0.333
2401.000 0.193
2402.000 0.093
2403.000 0.134
2404.000 0.211
2405.000 0.137
2406.000 0.121
2407.000 0.126
2408.000 0.164
2409.000 0.503
2410.000 0.445
2411.000 0.241
2412.000 0.093
2413.000 0.113
2414.000 0.134
2415.000 0.099
2416.000 0.095
2417.000 0.100
2418.000 0.137
2419.000 0.108
2420.000 0.111
2421.000 0.334
2422.000 0.236
2423.000 0.161
2424.000 0.198
2425.000 0.105
2426.000 0.113
2427.000 0.121
2428.000 0.099
2429.000 0.130
2430.000 0.104
2431.000 0.122
2432.000 0.073
2433.000 0.113
2434.000 0.085
2435.000 0.092
2436.000 0.098
2437.000 0.089
2438.000 0.099
2439.000 0.105
2440.000 0.100
2441.000 0.093
2442.000 0.090
2443.000 0.357
2444.000 0.206
2445.000 0.085
2446.000 0.107
2447.000 0.096
2448.000 0.098
2449.000 0.107
2450.000 0.100
2451.000 0.104
2452.000 0.117
2453.000 0.113
2454.000 0.122
2455.000 0.094
2456.000 0.088
2457.000 0.103
2458.000 0.105
2459.000 0.124
2460.000 0.095
2461.000 0.081
2462.000 0.086
2463.000 0.089
2464.000 0.107
2465.000 0.108
2466.000 0.092
2467.000 0.119
2468.000 0.109
2469.000 0.168
2470.000 0.109
2471.000 0.118
2472.000 0.104
2473.000 0.108
2474.000 0.128
2475.000 0.114
2476.000 0.118
2477.000 0.110
2478.000 0.119
2479.000 0.102
2480.000 0.107
2481.000 0.091
2482.000 0.099
2483.000 0.104
2484.000 0.104
2485.000 0.120
2486.000 0.087
2487.000 0.106
2488.000 0.084
2489.000 0.092
2490.000 0.109
2491.000 0.100
2492.000 0.108
2493.000 0.109
2494.000 0.093
2495.000 0.103
2496.000 0.101
2497.000 0.099
2498.000 0.111
2499.000 0.101
2500.000 0.094
