2101.000 0.225
2102.000 0.195
2103.000 0.189
2104.000 0.219
2105.000 0.231
2106.000 0.222
2107.000 0.217
2108.000 0.208
2109.000 0.208
2110.000 0.222
2111.000 0.205
2112.000 0.221
2113.000 0.204
2114.000 0.204
2115.000 0.200
2116.000 0.207
2117.000 0.202
2118.000 0.200
2119.000 0.190
2120.000 0.202
2121.000 0.194
2122.000 0.195
2123.000 0.212
2124.000 0.208
2125.000 0.188
2126.000 0.186
2127.000 0.207
2128.000 0.183
2129.000 0.182
2130.000 0.196
2131.000 0.194
2132.000 0.179
2133.000 0.182
2134.000 0.180
2135.000 0.211
2136.000 0.168
2137.000 0.224
2138.000 0.188
2139.000 0.201
2140.000 0.202
2141.000 0.697
2142.000 0.272
2143.000 0.183
2144.000 0.203
2145.000 0.178
2146.000 0.194
2147.000 0.170
2148.000 0.192
2149.000 0.207
2150.000 0.195
2151.000 0.177
2152.000 0.169
2153.000 0.180
2154.000 0.172
2155.000 0.167
2156.000 0.204
2157.000 0.352
2158.000 0.223
2159.000 0.226
2160.000 0.156
2161.000 0.135
2162.000 0.169
2163.000 0.159
2164.000 0.187
2165.000 0.178
2166.000 0.175
2167.000 0.169
2168.000 0.156
2169.000 0.185
2170.000 0.160
2171.000 0.165
2172.000 0.126
2173.000 0.161
2174.000 0.154
2175.000 0.162
2176.000 0.153
2177.000 0.176
2178.000 0.165
2179.000 0.159
2180.000 0.147
2181.000 0.170
2182.000 0.157
2183.000 0.167
2184.000 0.695
2185.000 0.197
2186.000 0.484
2187.000 0.279
2188.000 0.249
2189.000 0.134
2190.000 0.135
2191.000 0.171
2192.000 0.117
2193.000 0.271
2194.000 0.148
2195.000 0.518
2196.000 0.760
2197.000 0.863
2198.000 0.430
2199.000 0.268
2200.000 0.120
2201.000 0.185
2202.000 0.125
2203.000 0.121
2204.000 0.418
2205.000 0.551
2206.000 0.124
2207.000 0.124
2208.000 0.178
2209.000 0.084
2210.000 0.112
2211.000 0.169
2212.000 0.504
2213.000 0.308
2214.000 1.021
2215.000 0.428
2216.000 0.811
2217.000 1.319
2218.000 0.357
2219.000 0.335
2220.000 0.206
2221.000 0.090
2222.000 0.299
2223.000 0.175
2224.000 0.278
2225.000 0.243
2226.000 0.070
2227.000 0.176
2228.000 0.498
2229.000 0.537
2230.000 0.254
2231.000 0.205
2232.000 0.221
2233.000 0.224
2234.000 0.336
2235.000 0.485
2236.000 0.341
2237.000 0.116
2238.000 0.109
2239.000 0.185
2240.000 0.368
2241.000 0.124
2242.000 0.120
2243.000 0.222
2244.000 0.167
2245.000 0.115
2246.000 0.074
2247.000 0.086
2248.000 0.086
2249.000 0.123
2250.000 0.148
2251.000 0.151
2252.000 0.271
2253.000 0.322
2254.000 0.162
2255.000 0.262
2256.000 0.262
2257.000 0.198
2258.000 0.236
2259.000 0.254
2260.000 0.273
2261.000 0.321
2262.000 0.174
2263.000 0.310
2264.000 0.408
2265.000 0.338
2266.000 0.307
2267.000 0.514
2268.000 0.442
2269.000 0.476
2270.000 0.579
2271.000 0.636
2272.000 0.656
2273.000 0.775
2274.000 0.941
2275.000 1.010
2276.000 1.036
2277.000 1.176
2278.000 1.308
2279.000 1.353
2280.000 1.583
2281.000 1.845
2282.000 2.073
2283.000 2.354
2284.000 2.704
2285.000 3.150
2286.000 3.696
2287.000 4.517
2288.000 5.471
2289.000 6.765
2290.000 8.284
2291.000 9.202
2292.000 11.411
2293.000 14.067
2294.000 17.184
2295.000 20.173
2296.000 22.143
2297.000 22.328
2298.000 20.157
2299.000 16.792
2300.000 13.769
2301.000 11.644
2302.000 9.647
2303.000 7.842
2304.000 7.091
2305.000 5.744
2306.000 4.520
2307.000 3.897
2308.000 3.225
2309.000 2.613
2310.000 2.411
2311.000 1.923
2312.000 1.664
2313.000 1.534
2314.000 1.438
2315.000 1.076
2316.000 1.261
2317.000 1.045
2318.000 0.854
2319.000 0.893
2320.000 0.745
2321.000 0.893
2322.000 0.877
2323.000 0.518
2324.000 0.310
2325.000 0.507
2326.000 0.667
2327.000 0.636
2328.000 0.636
2329.000 0.684
2330.000 0.492
2331.000 0.275
2332.000 0.466
2333.000 0.745
2334.000 0.683
2335.000 2.264
2336.000 0.688
2337.000 0.755
2338.000 1.227
2339.000 0.477
2340.000 0.355
2341.000 0.611
2342.000 0.336
2343.000 0.178
2344.000 0.218
2345.000 0.083
2346.000 0.062
2347.000 0.153
2348.000 0.142
2349.000 0.109
2350.000 0.113
2351.000 0.077
2352.000 0.111
2353.000 0.071
2354.000 0.105
2355.000 0.060
2356.000 0.034
2357.000 0.071
2358.000 0.038
2359.000 0.081
2360.000 0.110
2361.000 0.549
2362.000 0.562
2363.000 0.525
2364.000 0.084
2365.000 0.274
2366.000 0.243
2367.000 0.130
2368.000 0.035
2369.000 0.045
2370.000 0.092
2371.000 0.083
2372.000 0.063
2373.000 0.106
2374.000 0.286
2375.000 0.206
2376.000 0.160
2377.000 0.143
2378.000 0.072
2379.000 0.221
2380.000 0.224
2381.000 0.109
2382.000 0.262
2383.000 0.482
2384.000 0.258
2385.000 0.103
2386.000 0.073
2387.000 0.185
2388.000 0.193
2389.000 0.217
2390.000 0.372
2391.000 0.533
2392.000 0.332
2393.000 0.982
2394.000 0.814
2395.000 0.304
2396.000 0.184
2397.000 0.426
2398.000 0.271
2399.000 0.122
2400.000 0.167
2401.000 0.208
2402.000 0.475
2403.000 0.532
2404.000 0.198
2405.000 0.794
2406.000 0.433
2407.000 0.129
2408.000 0.086
2409.000 0.120
2410.000 0.089
2411.000 0.082
2412.000 0.070
2413.000 0.081
2414.000 0.086
2415.000 0.068
2416.000 0.077
2417.000 0.082
2418.000 0.078
2419.000 0.103
2420.000 0.263
2421.000 0.403
2422.000 0.441
2423.000 0.334
2424.000 0.236
2425.000 0.116
2426.000 0.181
2427.000 0.120
2428.000 0.111
2429.000 0.088
2430.000 0.098
2431.000 0.113
2432.000 0.100
2433.000 0.083
2434.000 0.109
2435.000 0.074
2436.000 0.082
2437.000 0.086
2438.000 0.160
2439.000 0.378
2440.000 0.137
2441.000 0.139
2442.000 0.083
2443.000 0.085
2444.000 0.105
2445.000 0.588
2446.000 0.631
2447.000 0.235
2448.000 0.403
2449.000 0.260
2450.000 0.230
2451.000 0.096
2452.000 0.137
2453.000 0.301
2454.000 0.105
2455.000 0.153
2456.000 0.116
2457.000 0.626
2458.000 0.505
2459.000 0.321
2460.000 0.189
2461.000 0.119
2462.000 0.136
2463.000 0.096
2464.000 0.095
2465.000 0.108
2466.000 0.115
2467.000 0.229
2468.000 0.261
2469.000 0.129
2470.000 0.087
2471.000 0.119
2472.000 0.102
2473.000 0.114
2474.000 0.094
2475.000 0.107
2476.000 0.112
2477.000 0.080
2478.000 0.095
2479.000 0.100
2480.000 0.095
2481.000 0.088
2482.000 0.085
2483.000 0.082
2484.000 0.096
2485.000 0.087
2486.000 0.087
2487.000 0.097
2488.000 0.087
2489.000 0.091
2490.000 0.095
2491.000 0.080
2492.000 0.100
2493.000 0.081
2494.000 0.107
2495.000 0.089
2496.000 0.092
2497.000 0.100
2498.000 0.094
2499.000 0.086
2500.000 0.095
