2101.000 1.218
2102.000 1.200
2103.000 1.220
2104.000 1.226
2105.000 1.220
2106.000 1.223
2107.000 1.209
2108.000 1.216
2109.000 1.222
2110.000 1.215
2111.000 1.215
2112.000 1.230
2113.000 1.238
2114.000 1.232
2115.000 1.257
2116.000 1.243
2117.000 1.269
2118.000 1.212
2119.000 1.253
2120.000 1.248
2121.000 1.247
2122.000 1.254
2123.000 1.245
2124.000 1.247
2125.000 1.249
2126.000 1.254
2127.000 1.274
2128.000 1.258
2129.000 1.251
2130.000 1.276
2131.000 1.257
2132.000 1.271
2133.000 1.274
2134.000 1.287
2135.000 1.287
2136.000 1.294
2137.000 1.293
2138.000 1.300
2139.000 1.279
2140.000 1.298
2141.000 1.313
2142.000 1.308
2143.000 1.342
2144.000 1.332
2145.000 1.309
2146.000 1.316
2147.000 1.321
2148.000 1.313
2149.000 1.341
2150.000 1.337
2151.000 1.350
2152.000 1.338
2153.000 1.359
2154.000 1.356
2155.000 1.366
2156.000 1.401
2157.000 1.389
2158.000 1.379
2159.000 1.407
2160.000 1.394
2161.000 1.402
2162.000 1.418
2163.000 1.432
2164.000 1.408
2165.000 1.431
2166.000 1.405
2167.000 1.409
2168.000 1.433
2169.000 1.438
2170.000 1.461
2171.000 1.459
2172.000 1.514
2173.000 1.490
2174.000 1.540
2175.000 1.470
2176.000 1.529
2177.000 1.532
2178.000 1.573
2179.000 1.501
2180.000 1.496
2181.000 1.523
2182.000 1.542
2183.000 1.568
2184.000 1.590
2185.000 1.538
2186.000 1.566
2187.000 1.572
2188.000 1.571
2189.000 1.581
2190.000 1.587
2191.000 1.609
2192.000 1.602
2193.000 1.627
2194.000 1.674
2195.000 1.665
2196.000 1.686
2197.000 1.685
2198.000 1.695
2199.000 1.692
2200.000 1.695
2201.000 1.712
2202.000 1.747
2203.000 1.731
2204.000 1.792
2205.000 1.790
2206.000 1.758
2207.000 1.813
2208.000 1.818
2209.000 1.831
2210.000 1.844
2211.000 1.867
2212.000 1.877
2213.000 1.907
2214.000 1.900
2215.000 1.924
2216.000 1.933
2217.000 1.970
2218.000 1.980
2219.000 1.957
2220.000 2.034
2221.000 2.063
2222.000 2.077
2223.000 2.093
2224.000 2.082
2225.000 2.177
2226.000 2.457
2227.000 2.148
2228.000 2.313
2229.000 2.206
2230.000 2.175
2231.000 2.291
2232.000 2.286
2233.000 2.250
2234.000 2.328
2235.000 2.333
2236.000 2.389
2237.000 2.399
2238.000 2.464
2239.000 2.540
2240.000 2.575
2241.000 2.720
2242.000 2.538
2243.000 2.597
2244.000 2.799
2245.000 2.724
2246.000 2.728
2247.000 2.850
2248.000 2.802
2249.000 2.886
2250.000 3.038
2251.000 2.994
2252.000 3.038
2253.000 3.096
2254.000 3.218
2255.000 3.069
2256.000 3.295
2257.000 3.414
2258.000 3.424
2259.000 3.482
2260.000 3.632
2261.000 3.622
2262.000 3.686
2263.000 3.846
2264.000 3.936
2265.000 4.058
2266.000 4.115
2267.000 4.288
2268.000 4.447
2269.000 4.458
2270.000 4.495
2271.000 4.721
2272.000 4.832
2273.000 5.029
2274.000 5.231
2275.000 5.350
2276.000 5.593
2277.000 5.851
2278.000 6.001
2279.000 6.166
2280.000 6.584
2281.000 6.811
2282.000 6.932
2283.000 7.376
2284.000 7.748
2285.000 8.235
2286.000 8.868
2287.000 9.016
2288.000 9.377
2289.000 10.018
2290.000 10.610
2291.000 11.355
2292.000 12.314
2293.000 13.349
2294.000 14.002
2295.000 15.298
2296.000 16.258
2297.000 17.865
2298.000 19.219
2299.000 19.504
2300.000 19.475
2301.000 19.086
2302.000 17.957
2303.000 16.583
2304.000 15.198
2305.000 14.398
2306.000 13.094
2307.000 11.854
2308.000 10.979
2309.000 10.074
2310.000 9.368
2311.000 8.603
2312.000 7.996
2313.000 7.559
2314.000 7.297
2315.000 6.670
2316.000 6.303
2317.000 5.892
2318.000 5.840
2319.000 5.570
2320.000 5.271
2321.000 5.217
2322.000 4.704
2323.000 4.552
2324.000 4.378
2325.000 4.192
2326.000 4.028
2327.000 3.870
2328.000 3.712
2329.000 3.593
2330.000 3.499
2331.000 3.410
2332.000 3.367
2333.000 3.237
2334.000 3.096
2335.000 3.005
2336.000 2.962
2337.000 2.831
2338.000 2.685
2339.000 2.673
2340.000 2.644
2341.000 2.533
2342.000 2.460
2343.000 2.457
2344.000 2.348
2345.000 2.326
2346.000 2.162
2347.000 3.358
2348.000 2.264
2349.000 2.042
2350.000 1.920
2351.000 2.047
2352.000 1.958
2353.000 2.023
2354.000 1.966
2355.000 1.842
2356.000 1.826
2357.000 1.796
2358.000 1.619
2359.000 1.902
2360.000 1.699
2361.000 1.628
2362.000 1.809
2363.000 1.458
2364.000 1.878
2365.000 1.437
2366.000 2.639
2367.000 1.486
2368.000 1.457
2369.000 1.460
2370.000 1.416
2371.000 1.372
2372.000 1.329
2373.000 1.343
2374.000 1.303
2375.000 1.285
2376.000 1.302
2377.000 1.251
2378.000 1.254
2379.000 1.173
2380.000 1.196
2381.000 1.187
2382.000 1.184
2383.000 1.167
2384.000 1.139
2385.000 1.114
2386.000 1.121
2387.000 1.145
2388.000 1.083
2389.000 1.043
2390.000 1.042
2391.000 1.000
2392.000 1.287
2393.000 1.041
2394.000 1.511
2395.000 3.133
2396.000 1.156
2397.000 1.021
2398.000 0.939
2399.000 0.936
2400.000 0.926
2401.000 0.908
2402.000 0.895
2403.000 0.888
2404.000 0.865
2405.000 0.876
2406.000 0.876
2407.000 0.845
2408.000 0.844
2409.000 0.925
2410.000 0.829
2411.000 0.785
2412.000 0.791
2413.000 0.790
2414.000 0.779
2415.000 0.762
2416.000 0.790
2417.000 0.784
2418.000 0.760
2419.000 0.750
2420.000 0.745
2421.000 0.774
2422.000 0.793
2423.000 0.816
2424.000 0.713
2425.000 0.879
2426.000 0.735
2427.000 1.090
2428.000 0.883
2429.000 0.698
2430.000 0.682
2431.000 0.687
2432.000 0.674
2433.000 0.676
2434.000 0.660
2435.000 0.656
2436.000 0.665
2437.000 0.638
2438.000 0.639
2439.000 1.144
2440.000 0.682
2441.000 0.635
2442.000 0.624
2443.000 0.619
2444.000 0.602
2445.000 0.608
2446.000 0.596
2447.000 0.592
2448.000 0.583
2449.000 0.578
2450.000 0.725
2451.000 0.631
2452.000 0.573
2453.000 0.655
2454.000 0.930
2455.000 0.650
2456.000 0.977
2457.000 0.548
2458.000 0.554
2459.000 0.543
2460.000 0.570
2461.000 0.578
2462.000 0.529
2463.000 0.591
2464.000 0.641
2465.000 0.673
2466.000 0.549
2467.000 0.581
2468.000 0.533
2469.000 0.780
2470.000 0.659
2471.000 0.528
2472.000 0.526
2473.000 0.511
2474.000 0.523
2475.000 0.509
2476.000 0.509
2477.000 0.486
2478.000 0.496
2479.000 0.506
2480.000 0.479
2481.000 0.472
2482.000 0.498
2483.000 0.509
2484.000 0.489
2485.000 0.470
2486.000 0.474
2487.000 0.490
2488.000 0.476
2489.000 0.467
2490.000 0.458
2491.000 0.469
2492.000 0.460
2493.000 0.472
2494.000 0.482
2495.000 0.456
2496.000 0.502
2497.000 0.466
2498.000 0.465
2499.000 0.504
2500.000 0.467
