2101.000 1.275
2102.000 1.284
2103.000 1.272
2104.000 1.280
2105.000 1.260
2106.000 1.283
2107.000 1.284
2108.000 1.304
2109.000 1.267
2110.000 1.286
2111.000 1.286
2112.000 1.292
2113.000 1.275
2114.000 1.275
2115.000 1.296
2116.000 1.295
2117.000 1.317
2118.000 1.323
2119.000 1.336
2120.000 1.312
2121.000 1.314
2122.000 1.309
2123.000 1.337
2124.000 1.354
2125.000 1.332
2126.000 1.330
2127.000 1.329
2128.000 1.363
2129.000 1.342
2130.000 1.431
2131.000 1.238
2132.000 1.512
2133.000 1.463
2134.000 1.384
2135.000 1.371
2136.000 1.362
2137.000 1.371
2138.000 1.363
2139.000 1.373
2140.000 1.378
2141.000 1.376
2142.000 1.378
2143.000 1.391
2144.000 1.395
2145.000 1.401
2146.000 1.421
2147.000 1.409
2148.000 1.418
2149.000 1.420
2150.000 1.414
2151.000 1.407
2152.000 1.434
2153.000 1.431
2154.000 1.460
2155.000 1.450
2156.000 1.452
2157.000 1.447
2158.000 1.466
2159.000 1.478
2160.000 1.494
2161.000 1.472
2162.000 1.473
2163.000 1.536
2164.000 1.579
2165.000 1.576
2166.000 1.512
2167.000 1.516
2168.000 1.519
2169.000 1.563
2170.000 1.528
2171.000 1.527
2172.000 1.550
2173.000 1.546
2174.000 1.571
2175.000 1.560
2176.000 1.573
2177.000 1.611
2178.000 1.605
2179.000 1.621
2180.000 1.626
2181.000 1.651
2182.000 1.620
2183.000 1.622
2184.000 1.638
2185.000 1.662
2186.000 1.667
2187.000 1.695
2188.000 1.692
2189.000 1.701
2190.000 1.711
2191.000 1.689
2192.000 1.732
2193.000 1.750
2194.000 1.729
2195.000 1.775
2196.000 1.784
2197.000 1.802
2198.000 1.809
2199.000 1.813
2200.000 1.814
2201.000 1.834
2202.000 1.863
2203.000 1.884
2204.000 1.790
2205.000 1.850
2206.000 1.920
2207.000 1.922
2208.000 1.957
2209.000 1.918
2210.000 1.960
2211.000 1.976
2212.000 2.022
2213.000 2.016
2214.000 2.036
2215.000 2.029
2216.000 2.101
2217.000 2.097
2218.000 2.108
2219.000 2.132
2220.000 2.172
2221.000 2.162
2222.000 2.181
2223.000 2.232
2224.000 2.238
2225.000 2.292
2226.000 2.275
2227.000 2.342
2228.000 2.321
2229.000 2.366
2230.000 2.366
2231.000 2.382
2232.000 2.449
2233.000 2.460
2234.000 2.524
2235.000 2.553
2236.000 2.592
2237.000 2.566
2238.000 2.664
2239.000 2.821
2240.000 2.771
2241.000 2.885
2242.000 2.583
2243.000 2.733
2244.000 2.825
2245.000 2.871
2246.000 2.929
2247.000 2.988
2248.000 3.082
2249.000 3.125
2250.000 3.181
2251.000 3.179
2252.000 3.333
2253.000 3.394
2254.000 3.405
2255.000 3.459
2256.000 3.268
2257.000 3.609
2258.000 4.721
2259.000 3.676
2260.000 3.723
2261.000 4.018
2262.000 3.911
2263.000 4.085
2264.000 4.228
2265.000 4.304
2266.000 4.333
2267.000 4.551
2268.000 4.574
2269.000 4.762
2270.000 4.958
2271.000 5.078
2272.000 5.211
2273.000 5.414
2274.000 5.633
2275.000 5.841
2276.000 6.037
2277.000 6.319
2278.000 6.466
2279.000 6.585
2280.000 7.111
2281.000 7.284
2282.000 7.685
2283.000 8.443
2284.000 8.568
2285.000 8.711
2286.000 9.800
2287.000 9.812
2288.000 10.375
2289.000 11.136
2290.000 11.571
2291.000 12.076
2292.000 13.112
2293.000 14.299
2294.000 15.703
2295.000 16.502
2296.000 17.464
2297.000 18.951
2298.000 20.064
2299.000 20.620
2300.000 20.645
2301.000 19.813
2302.000 19.193
2303.000 18.168
2304.000 16.456
2305.000 15.347
2306.000 14.076
2307.000 12.895
2308.000 11.830
2309.000 10.965
2310.000 10.026
2311.000 9.135
2312.000 8.607
2313.000 8.095
2314.000 7.627
2315.000 7.345
2316.000 6.892
2317.000 6.844
2318.000 6.236
2319.000 5.625
2320.000 5.673
2321.000 5.290
2322.000 5.225
2323.000 4.873
2324.000 4.822
2325.000 4.476
2326.000 4.168
2327.000 4.259
2328.000 4.169
2329.000 4.100
2330.000 3.753
2331.000 3.700
2332.000 3.786
2333.000 3.379
2334.000 3.330
2335.000 3.274
2336.000 3.174
2337.000 3.021
2338.000 3.058
2339.000 2.645
2340.000 2.939
2341.000 2.811
2342.000 2.719
2343.000 2.787
2344.000 2.441
2345.000 2.147
2346.000 2.344
2347.000 2.400
2348.000 2.315
2349.000 2.294
2350.000 2.223
2351.000 2.023
2352.000 2.164
2353.000 2.383
2354.000 2.039
2355.000 2.041
2356.000 1.933
2357.000 1.862
2358.000 1.872
2359.000 1.843
2360.000 1.797
2361.000 1.897
2362.000 1.681
2363.000 1.695
2364.000 1.664
2365.000 1.633
2366.000 1.646
2367.000 1.594
2368.000 1.527
2369.000 1.551
2370.000 1.513
2371.000 1.487
2372.000 1.468
2373.000 1.456
2374.000 1.396
2375.000 1.379
2376.000 1.295
2377.000 1.370
2378.000 1.347
2379.000 1.300
2380.000 1.332
2381.000 1.287
2382.000 1.227
2383.000 1.313
2384.000 1.264
2385.000 1.215
2386.000 1.143
2387.000 1.174
2388.000 1.231
2389.000 1.142
2390.000 1.145
2391.000 1.123
2392.000 1.112
2393.000 1.112
2394.000 1.064
2395.000 1.037
2396.000 1.687
2397.000 1.046
2398.000 1.053
2399.000 1.043
2400.000 1.012
2401.000 1.097
2402.000 0.987
2403.000 0.956
2404.000 0.949
2405.000 0.931
2406.000 0.933
2407.000 0.925
2408.000 1.069
2409.000 0.887
2410.000 0.912
2411.000 0.914
2412.000 0.879
2413.000 0.878
2414.000 0.904
2415.000 0.841
2416.000 0.838
2417.000 0.831
2418.000 1.102
2419.000 1.881
2420.000 0.826
2421.000 0.819
2422.000 0.869
2423.000 0.825
2424.000 0.768
2425.000 0.801
2426.000 0.780
2427.000 0.765
2428.000 0.744
2429.000 0.757
2430.000 0.758
2431.000 0.750
2432.000 0.730
2433.000 0.727
2434.000 0.754
2435.000 0.707
2436.000 0.673
2437.000 0.743
2438.000 0.685
2439.000 0.680
2440.000 0.679
2441.000 0.684
2442.000 0.669
2443.000 0.668
2444.000 0.661
2445.000 0.674
2446.000 0.700
2447.000 0.679
2448.000 0.647
2449.000 0.650
2450.000 0.634
2451.000 0.632
2452.000 0.627
2453.000 0.623
2454.000 0.613
2455.000 0.612
2456.000 0.609
2457.000 0.617
2458.000 0.596
2459.000 0.596
2460.000 0.596
2461.000 0.591
2462.000 0.571
2463.000 0.587
2464.000 0.577
2465.000 0.571
2466.000 0.590
2467.000 0.572
2468.000 0.576
2469.000 0.580
2470.000 0.571
2471.000 0.573
2472.000 0.566
2473.000 0.569
2474.000 0.561
2475.000 0.554
2476.000 0.563
2477.000 0.527
2478.000 0.554
2479.000 0.553
2480.000 0.537
2481.000 0.551
2482.000 0.554
2483.000 0.537
2484.000 0.547
2485.000 0.519
2486.000 0.527
2487.000 0.514
2488.000 0.531
2489.000 0.527
2490.000 0.514
2491.000 0.529
2492.000 0.536
2493.000 0.495
2494.000 0.511
2495.000 0.509
2496.000 0.541
2497.000 0.502
2498.000 0.490
2499.000 0.472
2500.000 0.513
