2101.000 0.992
2102.000 1.354
2103.000 1.367
2104.000 1.343
2105.000 1.353
2106.000 1.344
2107.000 1.367
2108.000 1.346
2109.000 1.368
2110.000 1.348
2111.000 1.369
2112.000 1.373
2113.000 1.366
2114.000 1.401
2115.000 1.370
2116.000 1.384
2117.000 1.394
2118.000 1.408
2119.000 1.393
2120.000 1.384
2121.000 1.417
2122.000 1.374
2123.000 1.407
2124.000 1.418
2125.000 1.401
2126.000 1.400
2127.000 1.428
2128.000 1.418
2129.000 1.397
2130.000 1.411
2131.000 1.415
2132.000 1.442
2133.000 1.430
2134.000 1.429
2135.000 1.442
2136.000 1.438
2137.000 1.467
2138.000 1.451
2139.000 1.498
2140.000 1.471
2141.000 1.450
2142.000 1.476
2143.000 1.500
2144.000 1.479
2145.000 1.505
2146.000 1.508
2147.000 1.522
2148.000 1.503
2149.000 1.499
2150.000 1.517
2151.000 1.534
2152.000 1.499
2153.000 1.531
2154.000 1.535
2155.000 1.549
2156.000 1.557
2157.000 1.539
2158.000 1.559
2159.000 1.588
2160.000 1.568
2161.000 1.581
2162.000 1.590
2163.000 1.602
2164.000 1.581
2165.000 1.590
2166.000 1.595
2167.000 1.641
2168.000 1.630
2169.000 1.647
2170.000 1.650
2171.000 1.674
2172.000 1.666
2173.000 1.652
2174.000 1.679
2175.000 1.680
2176.000 1.684
2177.000 1.696
2178.000 1.697
2179.000 1.739
2180.000 1.715
2181.000 1.717
2182.000 1.747
2183.000 1.748
2184.000 1.757
2185.000 1.781
2186.000 1.787
2187.000 1.814
2188.000 1.797
2189.000 1.819
2190.000 1.810
2191.000 1.840
2192.000 1.845
2193.000 1.852
2194.000 1.856
2195.000 1.891
2196.000 1.904
2197.000 1.921
2198.000 1.941
2199.000 1.935
2200.000 1.959
2201.000 1.998
2202.000 1.991
2203.000 1.990
2204.000 1.988
2205.000 2.033
2206.000 2.060
2207.000 2.047
2208.000 2.056
2209.000 2.095
2210.000 2.114
2211.000 2.116
2212.000 2.159
2213.000 2.177
2214.000 2.149
2215.000 2.229
2216.000 2.217
2217.000 2.233
2218.000 2.262
2219.000 2.324
2220.000 2.319
2221.000 2.403
2222.000 2.383
2223.000 2.402
2224.000 2.408
2225.000 2.482
2226.000 2.501
2227.000 2.513
2228.000 2.547
2229.000 2.559
2230.000 2.585
2231.000 2.647
2232.000 2.650
2233.000 2.666
2234.000 2.760
2235.000 2.771
2236.000 3.125
2237.000 2.923
2238.000 2.830
2239.000 2.906
2240.000 2.979
2241.000 2.967
2242.000 3.089
2243.000 3.106
2244.000 3.214
2245.000 3.233
2246.000 3.192
2247.000 3.305
2248.000 3.566
2249.000 3.338
2250.000 3.424
2251.000 3.498
2252.000 3.842
2253.000 3.641
2254.000 3.752
2255.000 3.819
2256.000 3.885
2257.000 3.959
2258.000 4.040
2259.000 4.252
2260.000 4.244
2261.000 3.967
2262.000 4.297
2263.000 4.705
2264.000 4.654
2265.000 4.971
2266.000 5.093
2267.000 5.085
2268.000 5.226
2269.000 5.281
2270.000 5.679
2271.000 4.533
2272.000 5.880
2273.000 6.216
2274.000 6.558
2275.000 6.628
2276.000 6.983
2277.000 7.012
2278.000 7.474
2279.000 7.786
2280.000 8.235
2281.000 8.681
2282.000 9.165
2283.000 9.750
2284.000 10.351
2285.000 10.742
2286.000 11.575
2287.000 12.262
2288.000 13.009
2289.000 13.812
2290.000 14.698
2291.000 15.430
2292.000 15.925
2293.000 16.058
2294.000 15.822
2295.000 15.885
2296.000 16.619
2297.000 17.833
2298.000 18.700
2299.000 19.803
2300.000 19.918
2301.000 19.342
2302.000 18.214
2303.000 16.741
2304.000 15.431
2305.000 14.272
2306.000 13.060
2307.000 12.530
2308.000 11.120
2309.000 10.751
2310.000 10.017
2311.000 9.042
2312.000 8.589
2313.000 8.035
2314.000 7.598
2315.000 7.128
2316.000 6.835
2317.000 6.379
2318.000 6.036
2319.000 6.006
2320.000 5.514
2321.000 5.249
2322.000 5.132
2323.000 4.901
2324.000 4.811
2325.000 4.344
2326.000 4.436
2327.000 4.209
2328.000 4.027
2329.000 3.991
2330.000 3.886
2331.000 3.782
2332.000 3.612
2333.000 3.549
2334.000 3.370
2335.000 3.342
2336.000 3.200
2337.000 3.174
2338.000 3.006
2339.000 2.940
2340.000 2.845
2341.000 2.849
2342.000 2.697
2343.000 2.745
2344.000 2.574
2345.000 2.552
2346.000 2.466
2347.000 2.454
2348.000 2.418
2349.000 2.341
2350.000 2.299
2351.000 2.274
2352.000 2.153
2353.000 2.122
2354.000 2.107
2355.000 2.031
2356.000 1.994
2357.000 1.953
2358.000 1.928
2359.000 1.914
2360.000 1.904
2361.000 1.834
2362.000 1.759
2363.000 1.746
2364.000 1.739
2365.000 1.719
2366.000 1.708
2367.000 1.834
2368.000 1.686
2369.000 1.534
2370.000 1.641
2371.000 1.604
2372.000 1.517
2373.000 1.501
2374.000 1.494
2375.000 1.476
2376.000 1.471
2377.000 1.403
2378.000 1.364
2379.000 1.351
2380.000 1.365
2381.000 1.345
2382.000 1.319
2383.000 1.279
2384.000 1.292
2385.000 1.251
2386.000 1.248
2387.000 1.247
2388.000 1.233
2389.000 1.219
2390.000 1.151
2391.000 1.174
2392.000 1.149
2393.000 1.136
2394.000 1.127
2395.000 1.121
2396.000 1.112
2397.000 1.082
2398.000 1.083
2399.000 1.068
2400.000 1.066
2401.000 1.033
2402.000 1.020
2403.000 1.008
2404.000 1.004
2405.000 0.977
2406.000 0.991
2407.000 0.977
2408.000 0.974
2409.000 0.936
2410.000 0.954
2411.000 0.930
2412.000 0.937
2413.000 0.905
2414.000 0.906
2415.000 0.907
2416.000 0.880
2417.000 0.892
2418.000 0.877
2419.000 0.879
2420.000 0.857
2421.000 0.858
2422.000 0.839
2423.000 0.838
2424.000 0.838
2425.000 0.793
2426.000 0.811
2427.000 0.804
2428.000 0.808
2429.000 0.794
2430.000 0.785
2431.000 0.814
2432.000 0.781
2433.000 1.102
2434.000 0.753
2435.000 0.761
2436.000 0.749
2437.000 0.751
2438.000 0.737
2439.000 0.726
2440.000 0.731
2441.000 0.729
2442.000 0.705
2443.000 0.722
2444.000 0.700
2445.000 0.687
2446.000 0.701
2447.000 0.701
2448.000 0.673
2449.000 0.657
2450.000 0.672
2451.000 0.676
2452.000 0.664
2453.000 0.646
2454.000 0.653
2455.000 0.671
2456.000 0.625
2457.000 0.645
2458.000 0.632
2459.000 0.634
2460.000 0.648
2461.000 0.620
2462.000 0.642
2463.000 0.618
2464.000 0.616
2465.000 0.617
2466.000 0.639
2467.000 0.609
2468.000 0.608
2469.000 0.606
2470.000 0.614
2471.000 0.617
2472.000 0.606
2473.000 0.590
2474.000 0.592
2475.000 0.601
2476.000 0.583
2477.000 0.584
2478.000 0.572
2479.000 0.582
2480.000 0.561
2481.000 0.573
2482.000 0.568
2483.000 0.571
2484.000 0.571
2485.000 0.569
2486.000 0.576
2487.000 0.564
2488.000 0.557
2489.000 0.546
2490.000 0.560
2491.000 0.550
2492.000 0.550
2493.000 0.538
2494.000 0.536
2495.000 0.533
2496.000 0.558
2497.000 0.541
2498.000 0.539
2499.000 0.549
2500.000 0.540
