2101.000 1.555
2102.000 1.543
2103.000 1.545
2104.000 1.612
2105.000 1.580
2106.000 1.571
2107.000 1.578
2108.000 1.591
2109.000 1.614
2110.000 1.581
2111.000 1.594
2112.000 1.577
2113.000 1.654
2114.000 1.600
2115.000 1.592
2116.000 1.579
2117.000 1.613
2118.000 1.631
2119.000 1.619
2120.000 1.606
2121.000 1.633
2122.000 1.634
2123.000 1.639
2124.000 1.662
2125.000 1.614
2126.000 1.597
2127.000 1.649
2128.000 1.632
2129.000 1.692
2130.000 1.644
2131.000 1.677
2132.000 1.664
2133.000 1.676
2134.000 1.698
2135.000 1.655
2136.000 1.677
2137.000 1.741
2138.000 1.787
2139.000 1.682
2140.000 1.742
2141.000 1.754
2142.000 1.747
2143.000 1.719
2144.000 1.753
2145.000 1.748
2146.000 1.755
2147.000 1.789
2148.000 1.780
2149.000 1.782
2150.000 1.780
2151.000 1.809
2152.000 1.843
2153.000 1.820
2154.000 1.836
2155.000 1.808
2156.000 1.986
2157.000 1.847
2158.000 1.886
2159.000 1.910
2160.000 1.850
2161.000 1.862
2162.000 1.863
2163.000 1.859
2164.000 1.888
2165.000 1.898
2166.000 1.893
2167.000 1.904
2168.000 1.920
2169.000 1.959
2170.000 1.950
2171.000 1.963
2172.000 1.955
2173.000 2.002
2174.000 2.014
2175.000 2.066
2176.000 2.079
2177.000 2.029
2178.000 1.968
2179.000 2.083
2180.000 2.099
2181.000 2.094
2182.000 2.033
2183.000 2.095
2184.000 2.104
2185.000 2.161
2186.000 2.187
2187.000 2.211
2188.000 2.159
2189.000 2.170
2190.000 2.213
2191.000 2.247
2192.000 2.216
2193.000 2.280
2194.000 2.600
2195.000 2.318
2196.000 2.286
2197.000 2.317
2198.000 2.305
2199.000 2.309
2200.000 2.320
2201.000 2.379
2202.000 2.359
2203.000 2.390
2204.000 2.392
2205.000 2.462
2206.000 2.421
2207.000 2.477
2208.000 2.497
2209.000 2.492
2210.000 2.536
2211.000 2.550
2212.000 2.572
2213.000 2.622
2214.000 2.693
2215.000 2.728
2216.000 2.675
2217.000 2.678
2218.000 2.771
2219.000 2.752
2220.000 2.791
2221.000 3.072
2222.000 2.918
2223.000 2.838
2224.000 2.889
2225.000 3.036
2226.000 2.971
2227.000 3.004
2228.000 2.985
2229.000 3.081
2230.000 3.146
2231.000 3.167
2232.000 3.186
2233.000 3.238
2234.000 3.434
2235.000 3.249
2236.000 3.503
2237.000 3.192
2238.000 3.509
2239.000 3.506
2240.000 3.483
2241.000 3.633
2242.000 4.097
2243.000 4.010
2244.000 4.042
2245.000 4.506
2246.000 3.967
2247.000 4.256
2248.000 3.608
2249.000 4.792
2250.000 4.198
2251.000 4.579
2252.000 4.461
2253.000 4.525
2254.000 4.553
2255.000 5.082
2256.000 5.064
2257.000 4.369
2258.000 4.917
2259.000 5.111
2260.000 5.092
2261.000 5.390
2262.000 5.439
2263.000 5.495
2264.000 5.623
2265.000 5.830
2266.000 5.992
2267.000 6.007
2268.000 6.386
2269.000 6.603
2270.000 7.001
2271.000 7.102
2272.000 7.384
2273.000 7.533
2274.000 7.730
2275.000 8.435
2276.000 8.256
2277.000 8.770
2278.000 9.207
2279.000 9.600
2280.000 10.096
2281.000 11.345
2282.000 11.149
2283.000 11.210
2284.000 12.514
2285.000 14.117
2286.000 14.962
2287.000 16.010
2288.000 17.290
2289.000 17.990
2290.000 19.151
2291.000 20.056
2292.000 21.154
2293.000 22.083
2294.000 21.450
2295.000 19.946
2296.000 19.808
2297.000 21.457
2298.000 23.009
2299.000 23.451
2300.000 23.698
2301.000 23.296
2302.000 22.136
2303.000 20.842
2304.000 19.194
2305.000 17.415
2306.000 15.968
2307.000 14.783
2308.000 13.564
2309.000 12.560
2310.000 11.810
2311.000 11.515
2312.000 10.161
2313.000 9.546
2314.000 9.352
2315.000 8.884
2316.000 8.575
2317.000 7.978
2318.000 7.577
2319.000 7.212
2320.000 6.913
2321.000 6.572
2322.000 6.300
2323.000 6.059
2324.000 5.837
2325.000 5.722
2326.000 5.610
2327.000 5.155
2328.000 4.496
2329.000 4.712
2330.000 4.696
2331.000 4.582
2332.000 4.542
2333.000 4.387
2334.000 4.187
2335.000 4.062
2336.000 4.135
2337.000 4.134
2338.000 3.678
2339.000 3.949
2340.000 3.677
2341.000 3.441
2342.000 3.385
2343.000 3.310
2344.000 3.438
2345.000 3.141
2346.000 3.094
2347.000 3.013
2348.000 2.888
2349.000 2.883
2350.000 2.828
2351.000 2.718
2352.000 2.697
2353.000 2.649
2354.000 2.606
2355.000 2.710
2356.000 2.409
2357.000 2.478
2358.000 2.420
2359.000 2.387
2360.000 2.365
2361.000 2.284
2362.000 2.286
2363.000 2.352
2364.000 2.151
2365.000 2.394
2366.000 2.143
2367.000 2.078
2368.000 2.060
2369.000 2.059
2370.000 1.941
2371.000 1.932
2372.000 1.897
2373.000 2.038
2374.000 2.244
2375.000 1.833
2376.000 1.765
2377.000 1.701
2378.000 1.755
2379.000 1.743
2380.000 1.710
2381.000 1.681
2382.000 1.651
2383.000 1.624
2384.000 1.610
2385.000 1.554
2386.000 1.577
2387.000 1.524
2388.000 1.525
2389.000 1.492
2390.000 1.482
2391.000 1.459
2392.000 1.433
2393.000 1.436
2394.000 1.386
2395.000 1.413
2396.000 1.363
2397.000 1.366
2398.000 1.363
2399.000 1.378
2400.000 1.334
2401.000 1.318
2402.000 1.293
2403.000 1.290
2404.000 1.255
2405.000 1.278
2406.000 1.228
2407.000 1.181
2408.000 1.472
2409.000 2.857
2410.000 1.344
2411.000 1.162
2412.000 1.221
2413.000 1.136
2414.000 1.158
2415.000 1.134
2416.000 1.229
2417.000 1.150
2418.000 1.109
2419.000 1.122
2420.000 1.087
2421.000 1.072
2422.000 1.044
2423.000 1.039
2424.000 1.086
2425.000 1.152
2426.000 1.104
2427.000 0.993
2428.000 1.002
2429.000 0.995
2430.000 1.007
2431.000 0.984
2432.000 1.149
2433.000 1.084
2434.000 1.187
2435.000 0.937
2436.000 0.959
2437.000 0.942
2438.000 0.950
2439.000 0.938
2440.000 0.928
2441.000 0.902
2442.000 0.923
2443.000 0.905
2444.000 0.893
2445.000 0.878
2446.000 0.890
2447.000 0.877
2448.000 0.865
2449.000 0.864
2450.000 0.881
2451.000 0.887
2452.000 0.848
2453.000 0.834
2454.000 0.809
2455.000 0.823
2456.000 0.829
2457.000 0.825
2458.000 0.815
2459.000 0.799
2460.000 0.798
2461.000 0.810
2462.000 0.873
2463.000 0.776
2464.000 0.777
2465.000 0.782
2466.000 0.798
2467.000 0.778
2468.000 0.825
2469.000 0.788
2470.000 0.783
2471.000 0.763
2472.000 0.751
2473.000 0.753
2474.000 0.768
2475.000 0.737
2476.000 0.745
2477.000 0.753
2478.000 0.737
2479.000 0.748
2480.000 0.713
2481.000 0.724
2482.000 0.727
2483.000 0.705
2484.000 0.707
2485.000 0.715
2486.000 0.713
2487.000 0.704
2488.000 0.728
2489.000 0.726
2490.000 0.717
2491.000 0.706
2492.000 0.700
2493.000 0.706
2494.000 0.706
2495.000 0.682
2496.000 0.683
2497.000 0.681
2498.000 0.693
2499.000 0.684
2500.000 0.707
