2101.000 1.653
2102.000 1.707
2103.000 1.684
2104.000 1.665
2105.000 1.655
2106.000 1.703
2107.000 1.691
2108.000 1.678
2109.000 1.691
2110.000 1.690
2111.000 1.689
2112.000 1.691
2113.000 1.692
2114.000 1.702
2115.000 1.716
2116.000 1.725
2117.000 1.722
2118.000 1.770
2119.000 1.703
2120.000 1.728
2121.000 1.759
2122.000 1.764
2123.000 1.760
2124.000 1.735
2125.000 1.747
2126.000 1.760
2127.000 1.800
2128.000 1.761
2129.000 1.754
2130.000 1.770
2131.000 1.788
2132.000 1.798
2133.000 1.768
2134.000 1.802
2135.000 1.806
2136.000 1.811
2137.000 1.802
2138.000 1.812
2139.000 1.868
2140.000 1.839
2141.000 1.864
2142.000 1.857
2143.000 1.843
2144.000 1.952
2145.000 1.823
2146.000 1.880
2147.000 1.892
2148.000 1.870
2149.000 1.928
2150.000 1.867
2151.000 1.928
2152.000 1.935
2153.000 1.923
2154.000 1.921
2155.000 1.920
2156.000 1.948
2157.000 1.974
2158.000 1.959
2159.000 1.959
2160.000 1.986
2161.000 2.015
2162.000 2.059
2163.000 1.994
2164.000 2.037
2165.000 2.023
2166.000 2.065
2167.000 2.038
2168.000 2.034
2169.000 2.059
2170.000 2.131
2171.000 2.114
2172.000 2.219
2173.000 2.090
2174.000 2.124
2175.000 2.127
2176.000 2.157
2177.000 2.158
2178.000 2.179
2179.000 2.161
2180.000 2.163
2181.000 2.201
2182.000 2.212
2183.000 2.210
2184.000 2.243
2185.000 2.230
2186.000 2.244
2187.000 2.288
2188.000 2.282
2189.000 2.336
2190.000 2.325
2191.000 2.346
2192.000 2.334
2193.000 2.379
2194.000 2.383
2195.000 2.441
2196.000 2.433
2197.000 2.456
2198.000 2.438
2199.000 2.468
2200.000 2.484
2201.000 2.507
2202.000 2.503
2203.000 2.568
2204.000 2.643
2205.000 2.547
2206.000 4.088
2207.000 2.871
2208.000 2.668
2209.000 2.690
2210.000 2.710
2211.000 2.655
2212.000 2.760
2213.000 2.765
2214.000 2.812
2215.000 2.822
2216.000 2.865
2217.000 2.867
2218.000 2.957
2219.000 2.939
2220.000 2.972
2221.000 2.984
2222.000 3.030
2223.000 3.029
2224.000 3.119
2225.000 3.155
2226.000 3.157
2227.000 3.201
2228.000 3.240
2229.000 3.266
2230.000 3.343
2231.000 3.214
2232.000 3.381
2233.000 3.507
2234.000 3.563
2235.000 3.447
2236.000 3.654
2237.000 3.823
2238.000 5.329
2239.000 3.419
2240.000 3.989
2241.000 4.207
2242.000 4.926
2243.000 4.106
2244.000 4.161
2245.000 3.981
2246.000 3.727
2247.000 4.020
2248.000 4.569
2249.000 4.688
2250.000 4.483
2251.000 4.630
2252.000 4.670
2253.000 4.807
2254.000 4.918
2255.000 4.932
2256.000 5.025
2257.000 5.204
2258.000 5.321
2259.000 5.433
2260.000 5.573
2261.000 5.624
2262.000 5.784
2263.000 6.041
2264.000 6.162
2265.000 6.251
2266.000 6.534
2267.000 6.746
2268.000 6.926
2269.000 7.011
2270.000 7.694
2271.000 8.019
2272.000 7.869
2273.000 7.573
2274.000 8.433
2275.000 8.873
2276.000 9.365
2277.000 9.724
2278.000 10.061
2279.000 10.479
2280.000 10.919
2281.000 11.761
2282.000 12.212
2283.000 12.727
2284.000 13.831
2285.000 14.778
2286.000 15.684
2287.000 17.100
2288.000 18.522
2289.000 19.896
2290.000 21.286
2291.000 22.004
2292.000 22.352
2293.000 22.115
2294.000 20.806
2295.000 20.171
2296.000 20.597
2297.000 21.973
2298.000 24.065
2299.000 25.381
2300.000 25.280
2301.000 24.262
2302.000 22.317
2303.000 21.373
2304.000 19.755
2305.000 18.658
2306.000 17.273
2307.000 15.875
2308.000 14.576
2309.000 13.425
2310.000 12.433
2311.000 11.912
2312.000 10.849
2313.000 10.418
2314.000 9.783
2315.000 9.365
2316.000 8.671
2317.000 8.355
2318.000 8.183
2319.000 7.716
2320.000 7.412
2321.000 7.092
2322.000 6.696
2323.000 6.517
2324.000 6.113
2325.000 6.053
2326.000 5.773
2327.000 5.592
2328.000 5.439
2329.000 5.122
2330.000 5.184
2331.000 4.945
2332.000 4.763
2333.000 4.739
2334.000 4.573
2335.000 4.436
2336.000 4.177
2337.000 4.098
2338.000 3.937
2339.000 3.823
2340.000 3.745
2341.000 3.756
2342.000 3.627
2343.000 3.605
2344.000 3.446
2345.000 3.662
2346.000 3.316
2347.000 3.238
2348.000 3.174
2349.000 3.119
2350.000 3.085
2351.000 3.017
2352.000 2.775
2353.000 2.805
2354.000 2.850
2355.000 2.763
2356.000 2.792
2357.000 2.687
2358.000 2.655
2359.000 2.497
2360.000 2.508
2361.000 2.493
2362.000 2.383
2363.000 2.362
2364.000 2.344
2365.000 2.198
2366.000 2.168
2367.000 2.322
2368.000 2.199
2369.000 2.181
2370.000 2.213
2371.000 2.137
2372.000 2.026
2373.000 1.963
2374.000 1.980
2375.000 1.975
2376.000 1.910
2377.000 1.947
2378.000 1.825
2379.000 2.052
2380.000 3.978
2381.000 1.866
2382.000 1.792
2383.000 1.772
2384.000 1.671
2385.000 1.711
2386.000 1.684
2387.000 1.760
2388.000 1.625
2389.000 1.626
2390.000 1.749
2391.000 1.611
2392.000 1.552
2393.000 1.638
2394.000 1.766
2395.000 1.541
2396.000 1.543
2397.000 1.598
2398.000 1.471
2399.000 2.120
2400.000 1.430
2401.000 1.440
2402.000 1.503
2403.000 1.392
2404.000 1.364
2405.000 1.353
2406.000 1.377
2407.000 2.046
2408.000 1.374
2409.000 1.317
2410.000 1.279
2411.000 1.254
2412.000 1.249
2413.000 1.208
2414.000 1.223
2415.000 1.223
2416.000 1.202
2417.000 1.178
2418.000 1.154
2419.000 1.164
2420.000 1.146
2421.000 1.164
2422.000 1.198
2423.000 1.380
2424.000 1.156
2425.000 1.127
2426.000 1.151
2427.000 1.082
2428.000 1.078
2429.000 1.071
2430.000 1.045
2431.000 1.050
2432.000 1.029
2433.000 1.044
2434.000 1.027
2435.000 1.007
2436.000 0.998
2437.000 1.208
2438.000 1.290
2439.000 1.076
2440.000 1.005
2441.000 0.990
2442.000 0.966
2443.000 0.953
2444.000 0.969
2445.000 0.959
2446.000 0.951
2447.000 0.916
2448.000 0.959
2449.000 0.936
2450.000 0.921
2451.000 0.949
2452.000 0.937
2453.000 0.896
2454.000 0.907
2455.000 0.907
2456.000 0.890
2457.000 0.908
2458.000 0.883
2459.000 0.918
2460.000 0.880
2461.000 0.872
2462.000 0.896
2463.000 0.839
2464.000 0.852
2465.000 0.859
2466.000 0.854
2467.000 0.850
2468.000 0.831
2469.000 0.962
2470.000 0.865
2471.000 0.936
2472.000 0.844
2473.000 0.827
2474.000 0.838
2475.000 1.107
2476.000 0.884
2477.000 0.819
2478.000 0.795
2479.000 0.804
2480.000 0.809
2481.000 0.779
2482.000 0.805
2483.000 0.804
2484.000 0.780
2485.000 0.757
2486.000 0.784
2487.000 0.768
2488.000 0.775
2489.000 0.766
2490.000 0.771
2491.000 0.767
2492.000 0.751
2493.000 0.782
2494.000 0.774
2495.000 0.745
2496.000 0.735
2497.000 0.752
2498.000 0.768
2499.000 0.773
2500.000 0.762
