2101.000 1.733
2102.000 1.734
2103.000 1.753
2104.000 1.735
2105.000 1.734
2106.000 1.747
2107.000 1.762
2108.000 1.749
2109.000 1.746
2110.000 1.760
2111.000 1.783
2112.000 1.771
2113.000 1.777
2114.000 1.771
2115.000 1.776
2116.000 1.781
2117.000 1.794
2118.000 1.761
2119.000 1.758
2120.000 1.755
2121.000 1.800
2122.000 1.835
2123.000 1.867
2124.000 1.875
2125.000 1.881
2126.000 1.728
2127.000 1.900
2128.000 1.841
2129.000 1.816
2130.000 1.835
2131.000 1.897
2132.000 1.934
2133.000 1.884
2134.000 1.876
2135.000 1.870
2136.000 1.873
2137.000 1.869
2138.000 1.930
2139.000 1.891
2140.000 1.890
2141.000 1.929
2142.000 1.926
2143.000 1.942
2144.000 1.922
2145.000 1.959
2146.000 1.966
2147.000 1.962
2148.000 2.019
2149.000 1.991
2150.000 1.950
2151.000 1.977
2152.000 2.028
2153.000 2.002
2154.000 1.989
2155.000 2.383
2156.000 2.459
2157.000 2.446
2158.000 2.043
2159.000 2.084
2160.000 2.067
2161.000 2.140
2162.000 2.040
2163.000 2.088
2164.000 2.099
2165.000 2.096
2166.000 2.111
2167.000 2.157
2168.000 2.146
2169.000 2.181
2170.000 2.186
2171.000 2.185
2172.000 2.192
2173.000 2.263
2174.000 2.562
2175.000 2.223
2176.000 2.262
2177.000 2.212
2178.000 2.152
2179.000 2.473
2180.000 2.289
2181.000 2.324
2182.000 2.314
2183.000 2.318
2184.000 2.353
2185.000 2.370
2186.000 2.354
2187.000 2.378
2188.000 2.416
2189.000 2.350
2190.000 2.479
2191.000 2.496
2192.000 2.454
2193.000 2.489
2194.000 2.519
2195.000 2.520
2196.000 2.525
2197.000 2.551
2198.000 2.592
2199.000 2.583
2200.000 2.612
2201.000 2.644
2202.000 2.649
2203.000 2.686
2204.000 2.697
2205.000 2.711
2206.000 2.729
2207.000 2.769
2208.000 2.791
2209.000 2.813
2210.000 2.849
2211.000 2.825
2212.000 2.933
2213.000 2.967
2214.000 2.964
2215.000 2.987
2216.000 3.048
2217.000 3.053
2218.000 3.071
2219.000 3.117
2220.000 3.160
2221.000 3.214
2222.000 3.358
2223.000 3.204
2224.000 3.271
2225.000 3.279
2226.000 3.327
2227.000 3.369
2228.000 3.408
2229.000 3.484
2230.000 3.536
2231.000 3.485
2232.000 3.620
2233.000 3.614
2234.000 3.678
2235.000 3.769
2236.000 3.768
2237.000 3.869
2238.000 3.946
2239.000 3.759
2240.000 4.074
2241.000 4.106
2242.000 4.083
2243.000 4.165
2244.000 4.251
2245.000 4.383
2246.000 4.361
2247.000 4.492
2248.000 4.567
2249.000 4.586
2250.000 4.736
2251.000 4.827
2252.000 4.920
2253.000 5.006
2254.000 5.038
2255.000 5.237
2256.000 5.249
2257.000 5.582
2258.000 5.370
2259.000 5.739
2260.000 5.909
2261.000 5.990
2262.000 6.143
2263.000 6.326
2264.000 6.597
2265.000 6.589
2266.000 6.853
2267.000 7.061
2268.000 7.269
2269.000 7.386
2270.000 7.625
2271.000 8.143
2272.000 8.235
2273.000 8.572
2274.000 9.021
2275.000 9.396
2276.000 9.857
2277.000 10.187
2278.000 10.828
2279.000 11.041
2280.000 11.706
2281.000 12.783
2282.000 13.143
2283.000 14.138
2284.000 15.039
2285.000 16.100
2286.000 17.293
2287.000 18.434
2288.000 19.904
2289.000 21.474
2290.000 22.290
2291.000 23.748
2292.000 24.872
2293.000 25.311
2294.000 24.470
2295.000 22.937
2296.000 22.052
2297.000 22.979
2298.000 24.882
2299.000 25.690
2300.000 25.622
2301.000 24.752
2302.000 24.064
2303.000 21.394
2304.000 20.461
2305.000 18.031
2306.000 17.281
2307.000 15.153
2308.000 14.820
2309.000 13.757
2310.000 13.097
2311.000 12.127
2312.000 11.537
2313.000 10.686
2314.000 10.158
2315.000 9.744
2316.000 9.383
2317.000 8.661
2318.000 8.332
2319.000 7.945
2320.000 7.591
2321.000 7.276
2322.000 7.021
2323.000 6.695
2324.000 6.443
2325.000 6.258
2326.000 5.933
2327.000 5.910
2328.000 6.090
2329.000 5.315
2330.000 5.305
2331.000 5.051
2332.000 4.934
2333.000 4.866
2334.000 4.724
2335.000 4.580
2336.000 4.461
2337.000 4.294
2338.000 4.156
2339.000 4.066
2340.000 3.916
2341.000 3.893
2342.000 3.772
2343.000 3.758
2344.000 3.695
2345.000 3.668
2346.000 3.474
2347.000 3.352
2348.000 3.378
2349.000 4.770
2350.000 2.899
2351.000 3.209
2352.000 3.006
2353.000 3.035
2354.000 3.036
2355.000 2.934
2356.000 2.663
2357.000 2.930
2358.000 2.746
2359.000 2.755
2360.000 2.599
2361.000 2.487
2362.000 2.507
2363.000 2.562
2364.000 2.599
2365.000 2.508
2366.000 2.377
2367.000 2.317
2368.000 2.770
2369.000 2.267
2370.000 2.262
2371.000 2.223
2372.000 2.211
2373.000 2.103
2374.000 2.094
2375.000 2.091
2376.000 1.990
2377.000 2.052
2378.000 2.032
2379.000 1.965
2380.000 1.945
2381.000 1.974
2382.000 1.878
2383.000 1.842
2384.000 1.844
2385.000 1.850
2386.000 1.793
2387.000 1.764
2388.000 1.682
2389.000 1.681
2390.000 1.709
2391.000 1.654
2392.000 1.641
2393.000 1.641
2394.000 1.608
2395.000 1.567
2396.000 1.552
2397.000 1.530
2398.000 1.522
2399.000 1.496
2400.000 1.492
2401.000 1.451
2402.000 1.455
2403.000 1.436
2404.000 1.429
2405.000 1.408
2406.000 1.421
2407.000 1.394
2408.000 1.399
2409.000 1.367
2410.000 1.335
2411.000 1.323
2412.000 1.328
2413.000 1.298
2414.000 1.300
2415.000 1.294
2416.000 1.267
2417.000 1.257
2418.000 1.234
2419.000 1.352
2420.000 1.351
2421.000 1.415
2422.000 2.037
2423.000 1.325
2424.000 2.000
2425.000 2.725
2426.000 1.201
2427.000 1.175
2428.000 1.286
2429.000 1.160
2430.000 1.127
2431.000 1.127
2432.000 1.126
2433.000 1.101
2434.000 1.118
2435.000 1.075
2436.000 1.072
2437.000 1.068
2438.000 1.047
2439.000 1.051
2440.000 1.042
2441.000 1.029
2442.000 1.023
2443.000 1.034
2444.000 1.027
2445.000 1.047
2446.000 0.999
2447.000 1.000
2448.000 0.975
2449.000 0.970
2450.000 1.001
2451.000 0.985
2452.000 0.949
2453.000 0.960
2454.000 0.951
2455.000 0.973
2456.000 0.957
2457.000 0.945
2458.000 0.937
2459.000 0.926
2460.000 0.927
2461.000 0.922
2462.000 0.939
2463.000 0.917
2464.000 1.017
2465.000 0.909
2466.000 1.241
2467.000 0.884
2468.000 0.887
2469.000 0.928
2470.000 0.893
2471.000 0.918
2472.000 1.023
2473.000 0.972
2474.000 0.941
2475.000 0.865
2476.000 0.917
2477.000 0.870
2478.000 0.892
2479.000 0.874
2480.000 0.851
2481.000 0.826
2482.000 0.849
2483.000 0.835
2484.000 0.841
2485.000 0.840
2486.000 0.835
2487.000 0.834
2488.000 0.813
2489.000 0.821
2490.000 0.806
2491.000 0.819
2492.000 0.808
2493.000 0.831
2494.000 0.813
2495.000 0.797
2496.000 0.810
2497.000 0.800
2498.000 0.791
2499.000 0.805
2500.000 0.779
