2101.000 1.785
2102.000 1.758
2103.000 1.802
2104.000 1.778
2105.000 1.767
2106.000 1.781
2107.000 1.774
2108.000 1.780
2109.000 1.800
2110.000 1.795
2111.000 1.794
2112.000 1.788
2113.000 1.812
2114.000 1.832
2115.000 1.781
2116.000 1.810
2117.000 1.807
2118.000 1.838
2119.000 1.838
2120.000 1.847
2121.000 1.848
2122.000 1.829
2123.000 1.791
2124.000 1.854
2125.000 1.852
2126.000 1.851
2127.000 1.860
2128.000 1.856
2129.000 1.873
2130.000 1.880
2131.000 1.900
2132.000 1.884
2133.000 1.913
2134.000 1.903
2135.000 2.130
2136.000 2.000
2137.000 1.920
2138.000 2.029
2139.000 1.926
2140.000 1.931
2141.000 1.953
2142.000 1.962
2143.000 1.938
2144.000 1.982
2145.000 2.012
2146.000 2.248
2147.000 2.491
2148.000 2.035
2149.000 2.005
2150.000 1.993
2151.000 2.027
2152.000 2.031
2153.000 2.041
2154.000 2.057
2155.000 2.056
2156.000 2.085
2157.000 2.098
2158.000 2.097
2159.000 2.111
2160.000 2.093
2161.000 2.107
2162.000 2.120
2163.000 2.167
2164.000 2.147
2165.000 2.288
2166.000 2.063
2167.000 2.163
2168.000 2.243
2169.000 2.249
2170.000 2.151
2171.000 2.221
2172.000 2.238
2173.000 2.221
2174.000 2.251
2175.000 2.269
2176.000 2.309
2177.000 2.289
2178.000 2.330
2179.000 2.304
2180.000 2.345
2181.000 2.416
2182.000 2.627
2183.000 2.400
2184.000 2.392
2185.000 2.344
2186.000 2.381
2187.000 2.455
2188.000 2.458
2189.000 2.482
2190.000 2.465
2191.000 2.501
2192.000 3.042
2193.000 2.565
2194.000 2.519
2195.000 2.577
2196.000 2.604
2197.000 2.595
2198.000 2.617
2199.000 2.658
2200.000 2.623
2201.000 2.674
2202.000 2.695
2203.000 2.734
2204.000 2.743
2205.000 2.771
2206.000 2.786
2207.000 2.806
2208.000 2.812
2209.000 2.840
2210.000 2.860
2211.000 2.900
2212.000 2.981
2213.000 3.031
2214.000 3.050
2215.000 2.912
2216.000 3.106
2217.000 3.113
2218.000 3.128
2219.000 3.178
2220.000 3.150
2221.000 3.243
2222.000 3.257
2223.000 3.400
2224.000 3.328
2225.000 3.359
2226.000 3.378
2227.000 3.412
2228.000 3.602
2229.000 3.430
2230.000 3.641
2231.000 3.588
2232.000 3.622
2233.000 3.744
2234.000 3.640
2235.000 3.767
2236.000 3.846
2237.000 3.910
2238.000 3.912
2239.000 4.140
2240.000 4.101
2241.000 4.127
2242.000 4.240
2243.000 4.281
2244.000 4.349
2245.000 4.256
2246.000 4.517
2247.000 4.502
2248.000 4.659
2249.000 4.799
2250.000 4.846
2251.000 4.823
2252.000 5.037
2253.000 5.197
2254.000 5.225
2255.000 5.137
2256.000 5.561
2257.000 5.630
2258.000 5.779
2259.000 5.833
2260.000 5.918
2261.000 6.145
2262.000 6.114
2263.000 6.626
2264.000 6.477
2265.000 6.833
2266.000 7.022
2267.000 7.301
2268.000 7.828
2269.000 7.637
2270.000 8.014
2271.000 8.107
2272.000 8.460
2273.000 8.700
2274.000 9.318
2275.000 9.654
2276.000 10.135
2277.000 10.483
2278.000 10.932
2279.000 11.197
2280.000 12.017
2281.000 12.625
2282.000 14.025
2283.000 14.249
2284.000 14.988
2285.000 16.671
2286.000 17.663
2287.000 18.729
2288.000 20.210
2289.000 21.805
2290.000 22.467
2291.000 24.791
2292.000 24.843
2293.000 25.441
2294.000 24.717
2295.000 23.300
2296.000 22.543
2297.000 23.579
2298.000 25.402
2299.000 26.345
2300.000 26.091
2301.000 25.268
2302.000 23.639
2303.000 22.772
2304.000 20.857
2305.000 19.488
2306.000 17.760
2307.000 16.451
2308.000 15.225
2309.000 14.157
2310.000 13.063
2311.000 12.462
2312.000 10.557
2313.000 10.756
2314.000 10.486
2315.000 9.342
2316.000 9.338
2317.000 8.793
2318.000 8.247
2319.000 6.188
2320.000 6.558
2321.000 8.719
2322.000 7.033
2323.000 6.843
2324.000 5.745
2325.000 4.810
2326.000 5.632
2327.000 6.755
2328.000 5.782
2329.000 5.526
2330.000 5.450
2331.000 4.969
2332.000 5.634
2333.000 4.722
2334.000 4.447
2335.000 5.110
2336.000 5.229
2337.000 4.698
2338.000 4.364
2339.000 4.069
2340.000 3.275
2341.000 4.338
2342.000 3.820
2343.000 4.602
2344.000 6.150
2345.000 5.358
2346.000 3.788
2347.000 2.734
2348.000 3.384
2349.000 3.230
2350.000 3.333
2351.000 3.117
2352.000 3.060
2353.000 2.984
2354.000 3.046
2355.000 2.969
2356.000 2.947
2357.000 2.765
2358.000 2.690
2359.000 2.912
2360.000 2.691
2361.000 2.648
2362.000 2.551
2363.000 2.533
2364.000 2.539
2365.000 2.510
2366.000 2.428
2367.000 2.343
2368.000 2.368
2369.000 2.378
2370.000 2.328
2371.000 2.262
2372.000 2.237
2373.000 2.147
2374.000 2.130
2375.000 2.070
2376.000 2.104
2377.000 2.039
2378.000 2.010
2379.000 2.018
2380.000 1.937
2381.000 1.933
2382.000 1.887
2383.000 1.936
2384.000 1.874
2385.000 1.804
2386.000 1.789
2387.000 1.693
2388.000 1.739
2389.000 1.780
2390.000 1.816
2391.000 2.489
2392.000 3.559
2393.000 2.924
2394.000 1.687
2395.000 1.922
2396.000 1.573
2397.000 2.314
2398.000 10.274
2399.000 6.687
2400.000 3.222
2401.000 1.530
2402.000 1.494
2403.000 2.404
2404.000 2.325
2405.000 2.989
2406.000 1.423
2407.000 1.716
2408.000 1.778
2409.000 1.501
2410.000 1.386
2411.000 1.353
2412.000 1.367
2413.000 1.350
2414.000 1.496
2415.000 1.583
2416.000 1.322
2417.000 1.256
2418.000 1.292
2419.000 1.641
2420.000 1.268
2421.000 1.243
2422.000 1.244
2423.000 1.246
2424.000 1.151
2425.000 1.208
2426.000 1.206
2427.000 1.187
2428.000 1.156
2429.000 1.150
2430.000 1.698
2431.000 1.368
2432.000 1.736
2433.000 1.152
2434.000 1.167
2435.000 1.128
2436.000 1.099
2437.000 1.092
2438.000 1.101
2439.000 1.072
2440.000 1.069
2441.000 1.075
2442.000 1.055
2443.000 1.035
2444.000 1.020
2445.000 1.036
2446.000 1.034
2447.000 1.035
2448.000 1.098
2449.000 1.062
2450.000 1.027
2451.000 0.997
2452.000 0.937
2453.000 1.299
2454.000 3.896
2455.000 1.284
2456.000 0.996
2457.000 0.974
2458.000 0.938
2459.000 0.957
2460.000 0.958
2461.000 0.960
2462.000 0.931
2463.000 0.914
2464.000 0.913
2465.000 0.925
2466.000 0.903
2467.000 0.926
2468.000 0.920
2469.000 0.905
2470.000 0.907
2471.000 0.895
2472.000 0.889
2473.000 0.898
2474.000 0.899
2475.000 0.884
2476.000 0.878
2477.000 0.864
2478.000 0.857
2479.000 0.879
2480.000 0.881
2481.000 0.860
2482.000 0.859
2483.000 0.854
2484.000 0.840
2485.000 0.851
2486.000 0.862
2487.000 0.842
2488.000 0.842
2489.000 0.824
2490.000 0.850
2491.000 0.822
2492.000 0.840
2493.000 0.835
2494.000 0.822
2495.000 0.838
2496.000 0.813
2497.000 0.832
2498.000 0.818
2499.000 0.834
2500.000 0.823
