2101.000 1.800
2102.000 1.801
2103.000 1.783
2104.000 1.797
2105.000 1.827
2106.000 1.779
2107.000 1.804
2108.000 1.803
2109.000 1.823
2110.000 1.809
2111.000 1.806
2112.000 1.848
2113.000 1.815
2114.000 1.815
2115.000 1.836
2116.000 1.874
2117.000 1.841
2118.000 1.875
2119.000 1.872
2120.000 1.852
2121.000 1.981
2122.000 1.868
2123.000 1.894
2124.000 1.946
2125.000 1.911
2126.000 1.920
2127.000 1.984
2128.000 1.911
2129.000 1.907
2130.000 1.912
2131.000 1.921
2132.000 2.019
2133.000 1.955
2134.000 1.940
2135.000 1.947
2136.000 1.955
2137.000 1.955
2138.000 1.972
2139.000 1.958
2140.000 2.002
2141.000 1.968
2142.000 2.047
2143.000 2.147
2144.000 2.022
2145.000 2.012
2146.000 2.019
2147.000 2.032
2148.000 2.030
2149.000 2.038
2150.000 2.051
2151.000 2.042
2152.000 2.083
2153.000 2.073
2154.000 2.111
2155.000 2.088
2156.000 2.109
2157.000 2.112
2158.000 2.112
2159.000 2.137
2160.000 2.117
2161.000 2.117
2162.000 2.150
2163.000 2.165
2164.000 2.179
2165.000 2.182
2166.000 2.193
2167.000 2.231
2168.000 2.210
2169.000 2.248
2170.000 2.268
2171.000 2.270
2172.000 2.288
2173.000 2.318
2174.000 2.419
2175.000 2.419
2176.000 2.326
2177.000 2.442
2178.000 2.351
2179.000 2.340
2180.000 2.446
2181.000 2.380
2182.000 2.420
2183.000 2.406
2184.000 2.439
2185.000 3.595
2186.000 4.227
2187.000 2.481
2188.000 2.529
2189.000 2.523
2190.000 2.524
2191.000 2.558
2192.000 2.593
2193.000 2.562
2194.000 2.588
2195.000 2.606
2196.000 2.629
2197.000 2.631
2198.000 2.640
2199.000 2.678
2200.000 2.726
2201.000 2.771
2202.000 2.785
2203.000 2.775
2204.000 2.833
2205.000 2.779
2206.000 3.137
2207.000 2.898
2208.000 2.943
2209.000 2.944
2210.000 2.983
2211.000 3.000
2212.000 4.041
2213.000 3.112
2214.000 3.005
2215.000 3.344
2216.000 3.038
2217.000 3.110
2218.000 3.172
2219.000 3.220
2220.000 3.249
2221.000 3.308
2222.000 3.432
2223.000 3.355
2224.000 3.632
2225.000 3.456
2226.000 3.433
2227.000 3.499
2228.000 3.528
2229.000 3.618
2230.000 3.613
2231.000 3.656
2232.000 3.966
2233.000 3.746
2234.000 3.840
2235.000 3.848
2236.000 3.847
2237.000 3.982
2238.000 4.158
2239.000 4.391
2240.000 4.280
2241.000 4.191
2242.000 4.163
2243.000 4.386
2244.000 4.458
2245.000 4.626
2246.000 4.687
2247.000 4.608
2248.000 4.786
2249.000 4.898
2250.000 4.927
2251.000 5.024
2252.000 5.111
2253.000 5.309
2254.000 5.329
2255.000 5.485
2256.000 5.596
2257.000 5.700
2258.000 5.743
2259.000 5.893
2260.000 6.075
2261.000 6.264
2262.000 6.391
2263.000 6.630
2264.000 6.815
2265.000 6.985
2266.000 7.064
2267.000 7.281
2268.000 7.625
2269.000 7.825
2270.000 8.118
2271.000 8.375
2272.000 8.711
2273.000 9.115
2274.000 9.411
2275.000 9.872
2276.000 11.831
2277.000 10.650
2278.000 10.771
2279.000 12.418
2280.000 12.087
2281.000 12.768
2282.000 13.600
2283.000 14.577
2284.000 15.946
2285.000 16.988
2286.000 18.142
2287.000 19.809
2288.000 21.417
2289.000 22.915
2290.000 24.683
2291.000 26.061
2292.000 26.532
2293.000 26.179
2294.000 25.411
2295.000 23.433
2296.000 22.682
2297.000 26.005
2298.000 25.636
2299.000 26.813
2300.000 26.302
2301.000 25.445
2302.000 23.881
2303.000 23.010
2304.000 21.031
2305.000 19.206
2306.000 17.795
2307.000 16.427
2308.000 15.158
2309.000 14.062
2310.000 13.209
2311.000 12.417
2312.000 11.650
2313.000 11.105
2314.000 10.337
2315.000 10.145
2316.000 9.518
2317.000 9.259
2318.000 9.405
2319.000 7.954
2320.000 7.915
2321.000 7.771
2322.000 7.293
2323.000 7.007
2324.000 6.780
2325.000 6.364
2326.000 6.319
2327.000 5.802
2328.000 6.115
2329.000 5.725
2330.000 5.656
2331.000 5.325
2332.000 5.226
2333.000 4.965
2334.000 4.888
2335.000 4.747
2336.000 4.606
2337.000 4.353
2338.000 4.347
2339.000 4.198
2340.000 4.156
2341.000 3.992
2342.000 3.975
2343.000 3.927
2344.000 3.769
2345.000 3.636
2346.000 3.603
2347.000 3.522
2348.000 3.420
2349.000 3.341
2350.000 3.251
2351.000 3.277
2352.000 3.072
2353.000 2.975
2354.000 3.060
2355.000 2.963
2356.000 2.923
2357.000 2.897
2358.000 2.781
2359.000 2.803
2360.000 2.662
2361.000 2.691
2362.000 2.636
2363.000 2.659
2364.000 2.560
2365.000 2.099
2366.000 2.519
2367.000 2.578
2368.000 2.338
2369.000 2.320
2370.000 2.176
2371.000 2.361
2372.000 2.231
2373.000 2.174
2374.000 2.192
2375.000 2.143
2376.000 2.186
2377.000 2.064
2378.000 2.054
2379.000 1.935
2380.000 1.934
2381.000 2.004
2382.000 1.945
2383.000 1.744
2384.000 1.596
2385.000 2.488
2386.000 1.879
2387.000 1.793
2388.000 2.007
2389.000 1.906
2390.000 1.890
2391.000 2.176
2392.000 2.112
2393.000 1.826
2394.000 1.770
2395.000 1.613
2396.000 1.634
2397.000 1.632
2398.000 1.601
2399.000 1.582
2400.000 1.567
2401.000 1.517
2402.000 1.528
2403.000 1.487
2404.000 1.552
2405.000 1.493
2406.000 1.446
2407.000 1.452
2408.000 1.428
2409.000 2.061
2410.000 1.542
2411.000 1.331
2412.000 1.356
2413.000 1.231
2414.000 2.253
2415.000 1.411
2416.000 1.459
2417.000 1.315
2418.000 1.291
2419.000 1.451
2420.000 1.309
2421.000 1.864
2422.000 1.739
2423.000 2.640
2424.000 1.402
2425.000 1.860
2426.000 1.197
2427.000 1.300
2428.000 1.171
2429.000 1.184
2430.000 1.221
2431.000 1.176
2432.000 1.195
2433.000 1.155
2434.000 1.146
2435.000 1.214
2436.000 1.114
2437.000 1.137
2438.000 1.099
2439.000 1.120
2440.000 1.158
2441.000 1.351
2442.000 1.065
2443.000 1.074
2444.000 1.088
2445.000 1.081
2446.000 1.039
2447.000 1.034
2448.000 1.021
2449.000 1.031
2450.000 1.032
2451.000 1.019
2452.000 1.025
2453.000 0.990
2454.000 1.010
2455.000 1.006
2456.000 0.984
2457.000 1.015
2458.000 0.985
2459.000 0.964
2460.000 0.979
2461.000 0.958
2462.000 0.944
2463.000 0.955
2464.000 0.947
2465.000 0.929
2466.000 0.931
2467.000 0.944
2468.000 0.917
2469.000 0.888
2470.000 0.913
2471.000 0.927
2472.000 0.929
2473.000 0.929
2474.000 1.403
2475.000 0.949
2476.000 0.907
2477.000 0.901
2478.000 0.886
2479.000 0.886
2480.000 0.855
2481.000 0.908
2482.000 0.885
2483.000 0.881
2484.000 0.862
2485.000 0.865
2486.000 0.867
2487.000 0.825
2488.000 0.865
2489.000 0.844
2490.000 0.858
2491.000 0.851
2492.000 0.837
2493.000 0.845
2494.000 0.852
2495.000 0.838
2496.000 0.874
2497.000 0.837
2498.000 0.837
2499.000 0.847
2500.000 0.836
