2101.000 1.818
2102.000 1.815
2103.000 1.817
2104.000 1.805
2105.000 1.843
2106.000 1.826
2107.000 1.811
2108.000 1.833
2109.000 1.846
2110.000 1.823
2111.000 1.845
2112.000 1.847
2113.000 1.868
2114.000 1.846
2115.000 1.851
2116.000 1.808
2117.000 1.879
2118.000 1.860
2119.000 1.884
2120.000 1.923
2121.000 1.949
2122.000 1.937
2123.000 1.877
2124.000 1.912
2125.000 1.952
2126.000 1.916
2127.000 1.938
2128.000 1.917
2129.000 1.937
2130.000 1.921
2131.000 1.932
2132.000 1.935
2133.000 1.958
2134.000 1.944
2135.000 1.993
2136.000 2.004
2137.000 2.050
2138.000 2.086
2139.000 1.974
2140.000 2.021
2141.000 1.995
2142.000 2.015
2143.000 2.025
2144.000 2.033
2145.000 2.053
2146.000 2.031
2147.000 2.051
2148.000 2.061
2149.000 2.074
2150.000 2.043
2151.000 2.066
2152.000 2.081
2153.000 2.090
2154.000 2.114
2155.000 2.110
2156.000 2.128
2157.000 2.096
2158.000 2.177
2159.000 2.188
2160.000 2.165
2161.000 2.202
2162.000 2.184
2163.000 2.178
2164.000 2.179
2165.000 2.209
2166.000 2.245
2167.000 2.245
2168.000 2.244
2169.000 2.253
2170.000 2.283
2171.000 2.284
2172.000 2.299
2173.000 2.333
2174.000 2.323
2175.000 2.357
2176.000 2.353
2177.000 2.380
2178.000 2.369
2179.000 2.376
2180.000 2.399
2181.000 2.427
2182.000 2.433
2183.000 2.424
2184.000 2.470
2185.000 2.458
2186.000 2.494
2187.000 2.526
2188.000 2.564
2189.000 2.560
2190.000 2.571
2191.000 2.552
2192.000 2.597
2193.000 2.639
2194.000 2.639
2195.000 2.640
2196.000 2.677
2197.000 2.682
2198.000 2.696
2199.000 2.740
2200.000 2.755
2201.000 2.784
2202.000 2.765
2203.000 2.783
2204.000 2.810
2205.000 2.809
2206.000 2.851
2207.000 2.970
2208.000 2.948
2209.000 2.915
2210.000 2.957
2211.000 2.959
2212.000 3.056
2213.000 3.081
2214.000 3.125
2215.000 3.083
2216.000 3.224
2217.000 3.188
2218.000 3.249
2219.000 3.213
2220.000 3.257
2221.000 3.310
2222.000 3.355
2223.000 3.517
2224.000 3.532
2225.000 3.532
2226.000 3.496
2227.000 3.546
2228.000 3.706
2229.000 3.594
2230.000 3.677
2231.000 3.708
2232.000 3.678
2233.000 3.787
2234.000 3.895
2235.000 3.933
2236.000 4.035
2237.000 4.219
2238.000 4.157
2239.000 4.201
2240.000 4.211
2241.000 4.346
2242.000 4.155
2243.000 4.241
2244.000 4.466
2245.000 4.545
2246.000 4.600
2247.000 4.704
2248.000 4.642
2249.000 5.049
2250.000 4.817
2251.000 5.158
2252.000 5.155
2253.000 5.344
2254.000 5.378
2255.000 5.500
2256.000 5.642
2257.000 5.811
2258.000 5.968
2259.000 6.060
2260.000 6.198
2261.000 6.474
2262.000 6.494
2263.000 6.775
2264.000 6.826
2265.000 7.102
2266.000 7.243
2267.000 7.492
2268.000 7.732
2269.000 8.074
2270.000 8.218
2271.000 8.358
2272.000 10.352
2273.000 9.132
2274.000 9.551
2275.000 10.458
2276.000 10.422
2277.000 10.818
2278.000 11.223
2279.000 12.199
2280.000 12.436
2281.000 13.227
2282.000 14.123
2283.000 15.026
2284.000 15.864
2285.000 16.853
2286.000 18.743
2287.000 20.315
2288.000 21.360
2289.000 22.169
2290.000 23.944
2291.000 25.433
2292.000 26.459
2293.000 26.551
2294.000 25.384
2295.000 23.760
2296.000 23.305
2297.000 24.948
2298.000 26.406
2299.000 27.034
2300.000 26.838
2301.000 26.265
2302.000 24.171
2303.000 23.205
2304.000 21.264
2305.000 19.737
2306.000 18.076
2307.000 16.435
2308.000 15.226
2309.000 14.241
2310.000 13.344
2311.000 12.357
2312.000 11.720
2313.000 11.050
2314.000 10.676
2315.000 10.163
2316.000 9.389
2317.000 9.004
2318.000 8.600
2319.000 8.285
2320.000 7.984
2321.000 7.604
2322.000 7.492
2323.000 7.058
2324.000 6.549
2325.000 6.750
2326.000 6.080
2327.000 6.296
2328.000 5.799
2329.000 5.436
2330.000 5.517
2331.000 5.392
2332.000 5.125
2333.000 4.805
2334.000 4.872
2335.000 4.749
2336.000 4.790
2337.000 4.618
2338.000 4.391
2339.000 4.346
2340.000 4.183
2341.000 4.163
2342.000 4.032
2343.000 3.885
2344.000 3.701
2345.000 3.734
2346.000 3.607
2347.000 3.570
2348.000 3.439
2349.000 3.388
2350.000 3.118
2351.000 3.424
2352.000 2.951
2353.000 3.117
2354.000 3.234
2355.000 3.043
2356.000 2.925
2357.000 2.951
2358.000 2.915
2359.000 2.766
2360.000 2.998
2361.000 2.879
2362.000 2.795
2363.000 2.606
2364.000 2.565
2365.000 2.303
2366.000 2.391
2367.000 2.353
2368.000 2.558
2369.000 2.313
2370.000 2.426
2371.000 2.331
2372.000 2.402
2373.000 2.229
2374.000 2.073
2375.000 2.175
2376.000 2.109
2377.000 2.076
2378.000 2.114
2379.000 2.055
2380.000 2.018
2381.000 1.993
2382.000 1.919
2383.000 1.927
2384.000 1.940
2385.000 1.857
2386.000 1.911
2387.000 2.059
2388.000 1.755
2389.000 1.790
2390.000 2.285
2391.000 1.806
2392.000 1.658
2393.000 1.765
2394.000 1.727
2395.000 1.670
2396.000 1.659
2397.000 1.643
2398.000 1.619
2399.000 1.571
2400.000 1.605
2401.000 1.587
2402.000 1.564
2403.000 1.499
2404.000 1.824
2405.000 1.539
2406.000 1.542
2407.000 1.462
2408.000 1.434
2409.000 1.450
2410.000 1.629
2411.000 1.624
2412.000 1.467
2413.000 1.572
2414.000 2.266
2415.000 1.760
2416.000 1.699
2417.000 1.477
2418.000 1.314
2419.000 1.316
2420.000 1.295
2421.000 1.294
2422.000 1.287
2423.000 1.250
2424.000 1.275
2425.000 1.221
2426.000 1.243
2427.000 1.191
2428.000 1.202
2429.000 1.185
2430.000 1.185
2431.000 1.126
2432.000 1.170
2433.000 1.193
2434.000 1.526
2435.000 1.220
2436.000 1.140
2437.000 1.616
2438.000 1.229
2439.000 1.118
2440.000 1.100
2441.000 1.109
2442.000 1.071
2443.000 1.064
2444.000 1.115
2445.000 1.047
2446.000 2.129
2447.000 1.085
2448.000 1.069
2449.000 1.045
2450.000 1.046
2451.000 1.001
2452.000 1.088
2453.000 1.104
2454.000 1.148
2455.000 1.079
2456.000 1.333
2457.000 1.003
2458.000 0.994
2459.000 1.003
2460.000 0.977
2461.000 1.116
2462.000 1.058
2463.000 0.957
2464.000 0.950
2465.000 0.916
2466.000 0.962
2467.000 0.971
2468.000 1.564
2469.000 0.983
2470.000 0.929
2471.000 0.910
2472.000 0.924
2473.000 0.910
2474.000 0.922
2475.000 0.916
2476.000 0.919
2477.000 0.904
2478.000 0.905
2479.000 0.931
2480.000 0.897
2481.000 0.899
2482.000 0.924
2483.000 0.884
2484.000 0.885
2485.000 0.864
2486.000 0.853
2487.000 0.887
2488.000 0.866
2489.000 0.864
2490.000 0.872
2491.000 1.492
2492.000 0.903
2493.000 0.889
2494.000 0.871
2495.000 0.866
2496.000 0.866
2497.000 0.844
2498.000 0.851
2499.000 0.849
2500.000 0.847
