2101.000 1.797
2102.000 1.834
2103.000 1.816
2104.000 1.831
2105.000 1.877
2106.000 1.831
2107.000 1.878
2108.000 1.861
2109.000 1.849
2110.000 1.861
2111.000 1.852
2112.000 1.873
2113.000 1.885
2114.000 1.878
2115.000 1.856
2116.000 1.884
2117.000 1.897
2118.000 1.892
2119.000 1.839
2120.000 1.919
2121.000 1.907
2122.000 1.918
2123.000 1.914
2124.000 1.908
2125.000 1.925
2126.000 1.922
2127.000 1.923
2128.000 1.944
2129.000 1.944
2130.000 1.951
2131.000 1.982
2132.000 1.952
2133.000 1.975
2134.000 1.964
2135.000 1.991
2136.000 2.044
2137.000 2.020
2138.000 2.018
2139.000 1.976
2140.000 2.055
2141.000 2.019
2142.000 2.014
2143.000 2.377
2144.000 2.092
2145.000 2.063
2146.000 2.075
2147.000 2.076
2148.000 2.081
2149.000 2.090
2150.000 2.082
2151.000 2.170
2152.000 2.114
2153.000 2.329
2154.000 2.135
2155.000 2.188
2156.000 2.164
2157.000 2.495
2158.000 2.267
2159.000 2.221
2160.000 2.202
2161.000 2.192
2162.000 2.198
2163.000 2.242
2164.000 2.344
2165.000 2.239
2166.000 2.269
2167.000 2.245
2168.000 2.247
2169.000 2.321
2170.000 2.425
2171.000 2.338
2172.000 2.375
2173.000 2.365
2174.000 2.273
2175.000 2.362
2176.000 2.383
2177.000 2.374
2178.000 2.649
2179.000 2.818
2180.000 2.472
2181.000 2.451
2182.000 2.549
2183.000 2.508
2184.000 2.454
2185.000 2.436
2186.000 2.518
2187.000 2.514
2188.000 2.483
2189.000 2.627
2190.000 2.559
2191.000 2.615
2192.000 2.617
2193.000 2.613
2194.000 2.655
2195.000 2.679
2196.000 2.677
2197.000 2.714
2198.000 2.713
2199.000 2.769
2200.000 2.839
2201.000 2.795
2202.000 2.856
2203.000 2.839
2204.000 2.849
2205.000 2.882
2206.000 2.889
2207.000 2.894
2208.000 2.940
2209.000 2.947
2210.000 3.034
2211.000 3.047
2212.000 3.057
2213.000 3.115
2214.000 3.092
2215.000 3.133
2216.000 3.462
2217.000 3.594
2218.000 3.169
2219.000 3.217
2220.000 3.358
2221.000 3.300
2222.000 3.346
2223.000 3.410
2224.000 3.427
2225.000 3.497
2226.000 3.593
2227.000 3.576
2228.000 3.585
2229.000 3.626
2230.000 3.732
2231.000 3.769
2232.000 3.795
2233.000 3.877
2234.000 3.939
2235.000 3.918
2236.000 3.972
2237.000 4.076
2238.000 4.235
2239.000 4.281
2240.000 4.231
2241.000 4.684
2242.000 5.657
2243.000 4.437
2244.000 4.570
2245.000 4.586
2246.000 4.575
2247.000 4.752
2248.000 4.861
2249.000 4.898
2250.000 5.034
2251.000 5.297
2252.000 5.100
2253.000 5.366
2254.000 5.355
2255.000 5.603
2256.000 5.632
2257.000 5.729
2258.000 5.888
2259.000 6.271
2260.000 6.113
2261.000 6.251
2262.000 6.423
2263.000 6.826
2264.000 6.483
2265.000 7.215
2266.000 7.078
2267.000 7.592
2268.000 7.832
2269.000 7.879
2270.000 8.287
2271.000 8.391
2272.000 8.791
2273.000 9.107
2274.000 9.532
2275.000 9.879
2276.000 10.316
2277.000 10.776
2278.000 11.496
2279.000 11.762
2280.000 12.396
2281.000 13.230
2282.000 13.847
2283.000 14.707
2284.000 14.987
2285.000 17.082
2286.000 18.305
2287.000 19.435
2288.000 20.950
2289.000 22.445
2290.000 23.944
2291.000 24.342
2292.000 24.296
2293.000 25.025
2294.000 25.411
2295.000 23.408
2296.000 24.684
2297.000 26.634
2298.000 27.793
2299.000 28.236
2300.000 27.924
2301.000 26.761
2302.000 24.905
2303.000 24.082
2304.000 21.745
2305.000 20.585
2306.000 18.990
2307.000 17.388
2308.000 15.684
2309.000 15.272
2310.000 13.931
2311.000 13.081
2312.000 12.111
2313.000 11.471
2314.000 10.822
2315.000 10.668
2316.000 9.907
2317.000 8.490
2318.000 9.606
2319.000 8.422
2320.000 8.061
2321.000 7.959
2322.000 7.401
2323.000 7.254
2324.000 6.894
2325.000 7.239
2326.000 5.873
2327.000 6.141
2328.000 5.917
2329.000 5.789
2330.000 5.444
2331.000 5.329
2332.000 5.631
2333.000 5.277
2334.000 4.946
2335.000 4.583
2336.000 5.719
2337.000 4.656
2338.000 4.118
2339.000 4.981
2340.000 4.141
2341.000 4.520
2342.000 4.835
2343.000 4.187
2344.000 3.861
2345.000 3.523
2346.000 3.713
2347.000 3.525
2348.000 3.454
2349.000 3.573
2350.000 3.317
2351.000 3.290
2352.000 3.249
2353.000 3.134
2354.000 3.104
2355.000 3.014
2356.000 3.027
2357.000 2.949
2358.000 2.878
2359.000 3.478
2360.000 2.300
2361.000 3.017
2362.000 2.761
2363.000 2.640
2364.000 2.618
2365.000 2.557
2366.000 2.601
2367.000 2.730
2368.000 2.433
2369.000 2.411
2370.000 2.393
2371.000 2.354
2372.000 2.282
2373.000 2.253
2374.000 2.241
2375.000 2.190
2376.000 2.159
2377.000 2.181
2378.000 2.132
2379.000 2.056
2380.000 2.021
2381.000 1.977
2382.000 2.010
2383.000 2.022
2384.000 1.952
2385.000 1.937
2386.000 1.890
2387.000 1.872
2388.000 1.859
2389.000 1.799
2390.000 1.764
2391.000 1.762
2392.000 1.744
2393.000 1.721
2394.000 1.741
2395.000 1.671
2396.000 1.653
2397.000 1.636
2398.000 1.639
2399.000 1.605
2400.000 1.604
2401.000 1.589
2402.000 1.554
2403.000 1.544
2404.000 1.536
2405.000 1.532
2406.000 1.514
2407.000 1.439
2408.000 1.574
2409.000 1.565
2410.000 1.331
2411.000 1.430
2412.000 1.457
2413.000 1.549
2414.000 1.515
2415.000 1.409
2416.000 1.380
2417.000 1.340
2418.000 1.339
2419.000 1.329
2420.000 1.298
2421.000 1.287
2422.000 1.331
2423.000 1.407
2424.000 1.449
2425.000 1.283
2426.000 1.262
2427.000 1.270
2428.000 1.299
2429.000 1.241
2430.000 1.681
2431.000 1.327
2432.000 1.341
2433.000 1.230
2434.000 1.205
2435.000 1.141
2436.000 1.168
2437.000 1.183
2438.000 1.127
2439.000 1.136
2440.000 1.118
2441.000 1.099
2442.000 1.120
2443.000 1.093
2444.000 1.090
2445.000 1.091
2446.000 1.072
2447.000 1.044
2448.000 1.064
2449.000 1.064
2450.000 1.046
2451.000 1.055
2452.000 1.026
2453.000 1.026
2454.000 1.010
2455.000 1.020
2456.000 1.011
2457.000 1.005
2458.000 0.993
2459.000 1.003
2460.000 1.004
2461.000 0.994
2462.000 0.980
2463.000 0.976
2464.000 0.975
2465.000 1.106
2466.000 1.009
2467.000 0.955
2468.000 0.936
2469.000 0.974
2470.000 0.980
2471.000 0.937
2472.000 0.948
2473.000 0.915
2474.000 0.933
2475.000 0.922
2476.000 0.919
2477.000 0.918
2478.000 0.895
2479.000 0.917
2480.000 0.919
2481.000 0.897
2482.000 0.907
2483.000 0.896
2484.000 0.898
2485.000 0.887
2486.000 0.890
2487.000 0.874
2488.000 0.862
2489.000 0.867
2490.000 0.890
2491.000 0.864
2492.000 0.885
2493.000 0.896
2494.000 0.863
2495.000 0.870
2496.000 0.855
2497.000 0.858
2498.000 0.860
2499.000 0.840
2500.000 0.916
