2101.000 0.399
2102.000 0.406
2103.000 0.427
2104.000 0.431
2105.000 0.422
2106.000 0.355
2107.000 0.389
2108.000 0.398
2109.000 0.402
2110.000 0.421
2111.000 0.429
2112.000 0.424
2113.000 0.426
2114.000 0.607
2115.000 0.507
2116.000 0.418
2117.000 0.441
2118.000 0.456
2119.000 0.423
2120.000 0.407
2121.000 0.424
2122.000 0.430
2123.000 0.419
2124.000 0.408
2125.000 0.407
2126.000 0.383
2127.000 0.428
2128.000 0.409
2129.000 0.403
2130.000 0.414
2131.000 0.400
2132.000 0.405
2133.000 0.426
2134.000 0.414
2135.000 0.400
2136.000 0.410
2137.000 0.425
2138.000 0.400
2139.000 0.421
2140.000 0.410
2141.000 0.421
2142.000 0.414
2143.000 0.412
2144.000 0.419
2145.000 0.415
2146.000 0.421
2147.000 0.404
2148.000 0.420
2149.000 0.408
2150.000 0.412
2151.000 0.427
2152.000 0.418
2153.000 0.417
2154.000 0.405
2155.000 0.438
2156.000 0.407
2157.000 0.430
2158.000 0.422
2159.000 0.411
2160.000 0.387
2161.000 0.419
2162.000 0.415
2163.000 0.421
2164.000 0.431
2165.000 0.411
2166.000 0.422
2167.000 0.419
2168.000 0.435
2169.000 0.427
2170.000 0.412
2171.000 0.417
2172.000 0.411
2173.000 0.417
2174.000 0.425
2175.000 0.439
2176.000 0.412
2177.000 0.453
2178.000 0.414
2179.000 0.451
2180.000 0.441
2181.000 0.430
2182.000 0.598
2183.000 0.573
2184.000 0.427
2185.000 0.440
2186.000 0.488
2187.000 0.473
2188.000 0.459
2189.000 0.508
2190.000 0.548
2191.000 0.716
2192.000 0.478
2193.000 0.458
2194.000 0.486
2195.000 0.643
2196.000 0.624
2197.000 0.535
2198.000 0.441
2199.000 0.471
2200.000 0.444
2201.000 0.469
2202.000 0.480
2203.000 0.449
2204.000 0.585
2205.000 0.447
2206.000 0.899
2207.000 0.511
2208.000 0.485
2209.000 0.622
2210.000 0.511
2211.000 0.665
2212.000 0.531
2213.000 0.453
2214.000 0.458
2215.000 0.460
2216.000 0.452
2217.000 0.509
2218.000 0.462
2219.000 0.474
2220.000 0.468
2221.000 0.479
2222.000 0.482
2223.000 0.497
2224.000 0.461
2225.000 0.478
2226.000 0.501
2227.000 0.504
2228.000 0.472
2229.000 0.475
2230.000 0.505
2231.000 0.758
2232.000 1.445
2233.000 1.384
2234.000 0.535
2235.000 0.492
2236.000 0.551
2237.000 0.460
2238.000 0.521
2239.000 0.532
2240.000 0.558
2241.000 0.523
2242.000 0.537
2243.000 0.524
2244.000 0.571
2245.000 0.532
2246.000 0.547
2247.000 0.681
2248.000 0.545
2249.000 0.576
2250.000 0.577
2251.000 0.524
2252.000 0.529
2253.000 0.551
2254.000 0.572
2255.000 0.605
2256.000 0.453
2257.000 0.558
2258.000 0.588
2259.000 0.513
2260.000 0.497
2261.000 0.496
2262.000 0.545
2263.000 1.715
2264.000 1.547
2265.000 2.008
2266.000 1.035
2267.000 0.704
2268.000 0.662
2269.000 0.504
2270.000 0.560
2271.000 0.459
2272.000 0.479
2273.000 0.504
2274.000 0.391
2275.000 0.514
2276.000 0.409
2277.000 0.312
2278.000 0.347
2279.000 0.188
2280.000 0.253
2281.000 0.139
2282.000 0.410
2283.000 0.357
2284.000 0.412
2285.000 0.474
2286.000 1.973
2287.000 1.244
2288.000 2.191
2289.000 3.031
2290.000 4.277
2291.000 5.624
2292.000 7.376
2293.000 8.705
2294.000 11.818
2295.000 15.216
2296.000 17.581
2297.000 18.244
2298.000 17.063
2299.000 14.856
2300.000 12.817
2301.000 10.990
2302.000 9.566
2303.000 8.501
2304.000 7.180
2305.000 5.904
2306.000 5.725
2307.000 4.895
2308.000 4.290
2309.000 3.818
2310.000 3.327
2311.000 3.029
2312.000 2.840
2313.000 2.744
2314.000 2.342
2315.000 2.140
2316.000 2.119
2317.000 1.788
2318.000 1.799
2319.000 1.613
2320.000 1.524
2321.000 1.389
2322.000 1.309
2323.000 1.237
2324.000 1.181
2325.000 1.109
2326.000 1.052
2327.000 0.964
2328.000 0.903
2329.000 0.926
2330.000 0.925
2331.000 0.938
2332.000 1.152
2333.000 1.355
2334.000 0.919
2335.000 0.662
2336.000 0.818
2337.000 0.599
2338.000 0.622
2339.000 0.615
2340.000 0.542
2341.000 0.530
2342.000 0.504
2343.000 0.504
2344.000 0.517
2345.000 0.462
2346.000 0.482
2347.000 0.472
2348.000 0.452
2349.000 0.397
2350.000 0.378
2351.000 0.377
2352.000 0.367
2353.000 0.363
2354.000 0.344
2355.000 0.333
2356.000 0.316
2357.000 0.399
2358.000 0.382
2359.000 0.392
2360.000 0.621
2361.000 0.573
2362.000 0.399
2363.000 0.404
2364.000 0.807
2365.000 0.359
2366.000 0.358
2367.000 0.257
2368.000 0.236
2369.000 0.232
2370.000 0.247
2371.000 0.226
2372.000 0.221
2373.000 0.230
2374.000 0.223
2375.000 0.184
2376.000 0.196
2377.000 0.224
2378.000 0.236
2379.000 0.198
2380.000 0.170
2381.000 0.197
2382.000 0.179
2383.000 0.346
2384.000 0.188
2385.000 0.183
2386.000 0.152
2387.000 0.159
2388.000 0.157
2389.000 0.166
2390.000 0.150
2391.000 0.149
2392.000 0.149
2393.000 0.143
2394.000 0.132
2395.000 0.119
2396.000 0.151
2397.000 0.124
2398.000 0.190
2399.000 0.138
2400.000 0.262
2401.000 0.982
2402.000 0.227
2403.000 0.288
2404.000 0.146
2405.000 0.174
2406.000 0.343
2407.000 0.324
2408.000 0.186
2409.000 0.282
2410.000 0.106
2411.000 0.111
2412.000 0.176
2413.000 0.132
2414.000 0.107
2415.000 0.152
2416.000 0.083
2417.000 0.705
2418.000 0.417
2419.000 0.283
2420.000 0.132
2421.000 0.189
2422.000 0.207
2423.000 0.153
2424.000 0.092
2425.000 0.082
2426.000 0.094
2427.000 0.084
2428.000 0.123
2429.000 0.078
2430.000 0.082
2431.000 0.069
2432.000 0.099
2433.000 0.304
2434.000 0.108
2435.000 0.419
2436.000 0.094
2437.000 0.127
2438.000 0.082
2439.000 0.072
2440.000 0.061
2441.000 0.075
2442.000 0.054
2443.000 0.073
2444.000 0.056
2445.000 0.048
2446.000 0.049
2447.000 0.044
2448.000 0.049
2449.000 0.054
2450.000 0.045
2451.000 0.045
2452.000 0.089
2453.000 0.058
2454.000 0.058
2455.000 0.049
2456.000 0.069
2457.000 0.042
2458.000 0.049
2459.000 0.078
2460.000 0.087
2461.000 0.072
2462.000 0.046
2463.000 0.084
2464.000 0.038
2465.000 0.052
2466.000 0.344
2467.000 0.129
2468.000 0.084
2469.000 0.063
2470.000 0.045
2471.000 0.062
2472.000 0.046
2473.000 0.123
2474.000 0.052
2475.000 0.094
2476.000 0.037
2477.000 0.034
2478.000 0.033
2479.000 0.034
2480.000 0.039
2481.000 0.044
2482.000 0.051
2483.000 0.035
2484.000 0.038
2485.000 0.055
2486.000 0.019
2487.000 0.024
2488.000 0.045
2489.000 0.042
2490.000 0.058
2491.000 0.024
2492.000 0.021
2493.000 0.022
2494.000 0.033
2495.000 0.023
2496.000 0.030
2497.000 0.038
2498.000 0.026
2499.000 0.056
2500.000 0.090
