2101.000 0.460
2102.000 0.484
2103.000 0.468
2104.000 0.466
2105.000 0.475
2106.000 0.474
2107.000 0.439
2108.000 0.469
2109.000 0.494
2110.000 0.466
2111.000 0.504
2112.000 0.507
2113.000 0.462
2114.000 0.476
2115.000 0.474
2116.000 0.477
2117.000 0.475
2118.000 0.473
2119.000 0.477
2120.000 0.484
2121.000 0.478
2122.000 0.489
2123.000 0.430
2124.000 0.552
2125.000 0.466
2126.000 0.500
2127.000 0.461
2128.000 0.471
2129.000 0.454
2130.000 0.495
2131.000 0.478
2132.000 0.463
2133.000 0.486
2134.000 0.464
2135.000 0.476
2136.000 0.479
2137.000 0.479
2138.000 0.475
2139.000 0.463
2140.000 0.476
2141.000 0.472
2142.000 0.469
2143.000 0.469
2144.000 0.454
2145.000 0.495
2146.000 0.466
2147.000 0.486
2148.000 0.474
2149.000 0.481
2150.000 0.480
2151.000 0.485
2152.000 0.462
2153.000 0.504
2154.000 0.486
2155.000 0.479
2156.000 0.484
2157.000 0.470
2158.000 0.485
2159.000 0.490
2160.000 0.487
2161.000 0.484
2162.000 0.733
2163.000 0.875
2164.000 0.516
2165.000 0.478
2166.000 0.507
2167.000 0.480
2168.000 0.480
2169.000 0.488
2170.000 0.485
2171.000 0.489
2172.000 0.503
2173.000 0.523
2174.000 0.477
2175.000 0.503
2176.000 0.506
2177.000 0.483
2178.000 0.503
2179.000 0.513
2180.000 0.514
2181.000 0.497
2182.000 0.502
2183.000 0.510
2184.000 0.502
2185.000 0.521
2186.000 0.492
2187.000 0.554
2188.000 0.513
2189.000 0.855
2190.000 0.579
2191.000 0.955
2192.000 0.526
2193.000 0.685
2194.000 0.588
2195.000 0.519
2196.000 0.528
2197.000 0.529
2198.000 0.572
2199.000 0.542
2200.000 0.533
2201.000 0.548
2202.000 0.541
2203.000 0.533
2204.000 0.547
2205.000 0.554
2206.000 0.552
2207.000 0.543
2208.000 0.572
2209.000 0.570
2210.000 0.539
2211.000 0.582
2212.000 0.543
2213.000 0.595
2214.000 0.659
2215.000 0.549
2216.000 0.565
2217.000 0.574
2218.000 0.553
2219.000 0.602
2220.000 0.593
2221.000 0.645
2222.000 0.589
2223.000 0.636
2224.000 0.630
2225.000 0.645
2226.000 0.590
2227.000 0.793
2228.000 0.869
2229.000 0.763
2230.000 0.633
2231.000 0.602
2232.000 0.973
2233.000 0.707
2234.000 0.641
2235.000 0.648
2236.000 0.640
2237.000 0.628
2238.000 0.646
2239.000 0.651
2240.000 0.675
2241.000 0.638
2242.000 0.638
2243.000 0.640
2244.000 0.706
2245.000 0.641
2246.000 0.636
2247.000 0.673
2248.000 0.716
2249.000 0.667
2250.000 0.728
2251.000 1.042
2252.000 0.523
2253.000 0.772
2254.000 0.725
2255.000 0.789
2256.000 0.726
2257.000 0.717
2258.000 0.709
2259.000 0.763
2260.000 0.733
2261.000 0.797
2262.000 0.763
2263.000 0.691
2264.000 0.805
2265.000 0.762
2266.000 0.818
2267.000 0.844
2268.000 0.723
2269.000 0.836
2270.000 0.844
2271.000 0.786
2272.000 0.780
2273.000 0.814
2274.000 0.979
2275.000 0.503
2276.000 0.805
2277.000 0.698
2278.000 0.622
2279.000 0.627
2280.000 0.619
2281.000 0.516
2282.000 0.441
2283.000 0.274
2284.000 0.358
2285.000 0.471
2286.000 0.735
2287.000 1.247
2288.000 1.722
2289.000 2.682
2290.000 4.049
2291.000 4.939
2292.000 6.912
2293.000 9.632
2294.000 12.858
2295.000 15.472
2296.000 17.484
2297.000 17.435
2298.000 16.234
2299.000 14.345
2300.000 12.734
2301.000 11.370
2302.000 10.670
2303.000 9.217
2304.000 7.945
2305.000 6.830
2306.000 6.005
2307.000 5.246
2308.000 4.576
2309.000 4.068
2310.000 4.050
2311.000 3.279
2312.000 3.084
2313.000 2.836
2314.000 2.732
2315.000 2.462
2316.000 2.243
2317.000 2.114
2318.000 1.915
2319.000 1.860
2320.000 1.769
2321.000 1.497
2322.000 1.926
2323.000 1.533
2324.000 1.444
2325.000 1.025
2326.000 1.041
2327.000 1.049
2328.000 1.141
2329.000 1.077
2330.000 0.954
2331.000 0.947
2332.000 1.000
2333.000 0.909
2334.000 0.908
2335.000 0.781
2336.000 0.815
2337.000 0.627
2338.000 0.594
2339.000 0.802
2340.000 0.674
2341.000 0.673
2342.000 0.659
2343.000 0.750
2344.000 0.555
2345.000 0.588
2346.000 0.600
2347.000 0.624
2348.000 0.557
2349.000 0.517
2350.000 0.496
2351.000 0.495
2352.000 0.447
2353.000 0.488
2354.000 0.457
2355.000 0.429
2356.000 0.467
2357.000 0.457
2358.000 0.422
2359.000 0.418
2360.000 0.388
2361.000 0.392
2362.000 0.387
2363.000 0.367
2364.000 0.357
2365.000 0.341
2366.000 0.338
2367.000 0.341
2368.000 0.329
2369.000 0.304
2370.000 0.273
2371.000 0.278
2372.000 0.355
2373.000 0.509
2374.000 0.411
2375.000 0.313
2376.000 0.312
2377.000 0.248
2378.000 0.251
2379.000 0.332
2380.000 0.272
2381.000 0.240
2382.000 0.486
2383.000 1.226
2384.000 1.493
2385.000 0.396
2386.000 1.777
2387.000 0.544
2388.000 0.275
2389.000 1.319
2390.000 0.270
2391.000 0.215
2392.000 0.225
2393.000 0.227
2394.000 0.252
2395.000 0.193
2396.000 0.189
2397.000 0.212
2398.000 0.190
2399.000 0.188
2400.000 0.182
2401.000 0.180
2402.000 0.192
2403.000 0.167
2404.000 0.174
2405.000 0.168
2406.000 0.201
2407.000 0.173
2408.000 0.179
2409.000 0.211
2410.000 0.158
2411.000 0.148
2412.000 0.157
2413.000 0.436
2414.000 1.130
2415.000 0.397
2416.000 0.318
2417.000 0.174
2418.000 0.163
2419.000 0.379
2420.000 0.314
2421.000 0.214
2422.000 0.140
2423.000 0.125
2424.000 0.120
2425.000 0.129
2426.000 0.132
2427.000 0.116
2428.000 0.115
2429.000 0.114
2430.000 0.128
2431.000 0.121
2432.000 0.154
2433.000 0.154
2434.000 0.134
2435.000 0.129
2436.000 0.176
2437.000 0.098
2438.000 0.119
2439.000 0.104
2440.000 0.108
2441.000 0.108
2442.000 0.108
2443.000 0.087
2444.000 0.088
2445.000 0.100
2446.000 0.150
2447.000 0.239
2448.000 0.204
2449.000 0.103
2450.000 0.077
2451.000 0.090
2452.000 0.092
2453.000 0.079
2454.000 0.078
2455.000 0.084
2456.000 0.090
2457.000 0.112
2458.000 0.073
2459.000 0.076
2460.000 0.081
2461.000 0.098
2462.000 0.115
2463.000 0.092
2464.000 0.079
2465.000 0.087
2466.000 0.151
2467.000 0.101
2468.000 0.085
2469.000 0.064
2470.000 0.063
2471.000 0.080
2472.000 0.080
2473.000 0.060
2474.000 0.079
2475.000 0.074
2476.000 0.064
2477.000 0.076
2478.000 0.039
2479.000 0.048
2480.000 0.049
2481.000 0.062
2482.000 0.063
2483.000 0.060
2484.000 0.054
2485.000 0.044
2486.000 0.048
2487.000 0.064
2488.000 0.045
2489.000 0.061
2490.000 0.064
2491.000 0.057
2492.000 0.054
2493.000 0.055
2494.000 0.051
2495.000 0.057
2496.000 0.041
2497.000 0.057
2498.000 0.048
2499.000 0.034
2500.000 0.032
