2101.000 0.397
2102.000 0.508
2103.000 0.528
2104.000 0.526
2105.000 0.534
2106.000 0.497
2107.000 0.542
2108.000 0.527
2109.000 0.530
2110.000 0.545
2111.000 0.529
2112.000 0.536
2113.000 0.518
2114.000 0.524
2115.000 0.538
2116.000 0.510
2117.000 0.521
2118.000 0.522
2119.000 0.526
2120.000 0.533
2121.000 0.516
2122.000 0.529
2123.000 0.538
2124.000 0.505
2125.000 0.540
2126.000 0.532
2127.000 0.522
2128.000 0.517
2129.000 0.513
2130.000 0.529
2131.000 0.526
2132.000 0.523
2133.000 0.528
2134.000 0.534
2135.000 0.549
2136.000 0.611
2137.000 0.727
2138.000 0.582
2139.000 0.545
2140.000 0.589
2141.000 0.521
2142.000 0.536
2143.000 0.555
2144.000 0.560
2145.000 0.533
2146.000 0.534
2147.000 0.532
2148.000 0.547
2149.000 0.527
2150.000 0.562
2151.000 0.526
2152.000 0.537
2153.000 0.600
2154.000 0.530
2155.000 0.548
2156.000 0.534
2157.000 0.543
2158.000 0.529
2159.000 0.540
2160.000 0.545
2161.000 0.537
2162.000 0.543
2163.000 0.554
2164.000 0.551
2165.000 0.552
2166.000 0.531
2167.000 0.553
2168.000 0.563
2169.000 0.560
2170.000 0.545
2171.000 0.568
2172.000 0.567
2173.000 0.584
2174.000 0.561
2175.000 0.551
2176.000 0.570
2177.000 0.566
2178.000 0.566
2179.000 0.558
2180.000 0.569
2181.000 0.593
2182.000 0.580
2183.000 0.582
2184.000 0.561
2185.000 0.576
2186.000 0.595
2187.000 0.568
2188.000 0.591
2189.000 0.588
2190.000 0.580
2191.000 0.603
2192.000 0.591
2193.000 0.595
2194.000 0.587
2195.000 0.623
2196.000 0.609
2197.000 0.610
2198.000 0.608
2199.000 0.623
2200.000 0.623
2201.000 0.628
2202.000 0.607
2203.000 0.613
2204.000 0.626
2205.000 0.615
2206.000 0.636
2207.000 0.618
2208.000 0.658
2209.000 0.634
2210.000 0.626
2211.000 0.625
2212.000 0.640
2213.000 0.668
2214.000 0.668
2215.000 0.689
2216.000 0.674
2217.000 0.664
2218.000 0.665
2219.000 0.645
2220.000 0.697
2221.000 0.632
2222.000 0.663
2223.000 0.698
2224.000 0.697
2225.000 0.731
2226.000 0.691
2227.000 0.678
2228.000 0.734
2229.000 0.731
2230.000 0.698
2231.000 0.744
2232.000 0.691
2233.000 0.734
2234.000 0.718
2235.000 0.803
2236.000 0.816
2237.000 0.931
2238.000 0.795
2239.000 0.779
2240.000 0.770
2241.000 0.799
2242.000 0.729
2243.000 0.761
2244.000 0.781
2245.000 0.798
2246.000 0.846
2247.000 0.990
2248.000 0.889
2249.000 0.938
2250.000 0.884
2251.000 0.893
2252.000 0.842
2253.000 0.882
2254.000 0.919
2255.000 0.911
2256.000 0.993
2257.000 0.913
2258.000 0.922
2259.000 0.926
2260.000 0.933
2261.000 0.987
2262.000 1.021
2263.000 0.933
2264.000 1.400
2265.000 1.017
2266.000 1.019
2267.000 1.103
2268.000 1.035
2269.000 1.047
2270.000 1.071
2271.000 1.083
2272.000 1.097
2273.000 1.120
2274.000 1.142
2275.000 1.095
2276.000 1.036
2277.000 1.064
2278.000 1.181
2279.000 0.981
2280.000 0.977
2281.000 1.021
2282.000 0.831
2283.000 0.842
2284.000 0.805
2285.000 0.542
2286.000 0.438
2287.000 0.309
2288.000 0.834
2289.000 1.586
2290.000 2.576
2291.000 4.225
2292.000 6.397
2293.000 9.141
2294.000 12.256
2295.000 13.691
2296.000 16.203
2297.000 17.469
2298.000 16.668
2299.000 14.983
2300.000 13.216
2301.000 12.011
2302.000 10.550
2303.000 9.228
2304.000 8.246
2305.000 7.053
2306.000 6.265
2307.000 5.566
2308.000 5.176
2309.000 4.521
2310.000 4.139
2311.000 3.855
2312.000 3.486
2313.000 3.035
2314.000 2.928
2315.000 2.662
2316.000 2.420
2317.000 2.379
2318.000 2.162
2319.000 2.076
2320.000 1.947
2321.000 1.858
2322.000 1.793
2323.000 1.637
2324.000 1.569
2325.000 1.439
2326.000 1.435
2327.000 1.371
2328.000 1.302
2329.000 1.119
2330.000 1.234
2331.000 1.160
2332.000 1.180
2333.000 1.024
2334.000 1.015
2335.000 0.979
2336.000 0.895
2337.000 0.898
2338.000 0.889
2339.000 0.831
2340.000 0.802
2341.000 0.803
2342.000 0.817
2343.000 0.783
2344.000 0.677
2345.000 0.701
2346.000 0.642
2347.000 0.707
2348.000 0.626
2349.000 0.611
2350.000 0.597
2351.000 0.625
2352.000 0.605
2353.000 0.598
2354.000 0.571
2355.000 0.525
2356.000 0.544
2357.000 0.541
2358.000 0.515
2359.000 0.516
2360.000 0.558
2361.000 0.444
2362.000 0.459
2363.000 0.428
2364.000 0.424
2365.000 0.476
2366.000 0.448
2367.000 0.424
2368.000 0.411
2369.000 0.384
2370.000 0.371
2371.000 0.371
2372.000 0.397
2373.000 0.365
2374.000 0.333
2375.000 0.319
2376.000 0.334
2377.000 0.327
2378.000 0.352
2379.000 0.316
2380.000 0.326
2381.000 0.305
2382.000 0.285
2383.000 0.304
2384.000 0.279
2385.000 0.277
2386.000 0.289
2387.000 0.274
2388.000 0.260
2389.000 0.264
2390.000 0.270
2391.000 0.248
2392.000 0.251
2393.000 0.255
2394.000 0.246
2395.000 0.241
2396.000 0.226
2397.000 0.234
2398.000 0.237
2399.000 0.215
2400.000 0.231
2401.000 0.224
2402.000 0.204
2403.000 0.212
2404.000 0.211
2405.000 0.208
2406.000 0.201
2407.000 0.198
2408.000 0.194
2409.000 0.204
2410.000 0.194
2411.000 0.194
2412.000 0.181
2413.000 0.178
2414.000 0.184
2415.000 0.165
2416.000 0.187
2417.000 0.184
2418.000 0.164
2419.000 0.186
2420.000 0.203
2421.000 0.163
2422.000 0.163
2423.000 0.154
2424.000 0.151
2425.000 0.160
2426.000 0.154
2427.000 0.158
2428.000 0.144
2429.000 0.147
2430.000 0.157
2431.000 0.149
2432.000 0.143
2433.000 0.153
2434.000 0.144
2435.000 0.129
2436.000 0.124
2437.000 0.125
2438.000 0.134
2439.000 0.135
2440.000 0.133
2441.000 0.124
2442.000 0.121
2443.000 0.121
2444.000 0.119
2445.000 0.115
2446.000 0.131
2447.000 0.133
2448.000 0.115
2449.000 0.101
2450.000 0.113
2451.000 0.112
2452.000 0.108
2453.000 0.113
2454.000 0.111
2455.000 0.104
2456.000 0.123
2457.000 0.100
2458.000 0.102
2459.000 0.165
2460.000 0.108
2461.000 0.108
2462.000 0.109
2463.000 0.107
2464.000 0.089
2465.000 0.083
2466.000 0.104
2467.000 0.097
2468.000 0.094
2469.000 0.090
2470.000 0.092
2471.000 0.093
2472.000 0.081
2473.000 0.091
2474.000 0.095
2475.000 0.126
2476.000 0.120
2477.000 0.094
2478.000 0.086
2479.000 0.095
2480.000 0.102
2481.000 0.071
2482.000 0.092
2483.000 0.085
2484.000 0.090
2485.000 0.070
2486.000 0.078
2487.000 0.084
2488.000 0.071
2489.000 0.073
2490.000 0.069
2491.000 0.079
2492.000 0.078
2493.000 0.067
2494.000 0.074
2495.000 0.067
2496.000 0.084
2497.000 0.072
2498.000 0.089
2499.000 0.051
2500.000 0.072
