2101.000 0.537
2102.000 0.720
2103.000 0.745
2104.000 0.728
2105.000 0.712
2106.000 0.728
2107.000 0.709
2108.000 0.718
2109.000 0.718
2110.000 0.717
2111.000 0.735
2112.000 0.753
2113.000 0.729
2114.000 0.723
2115.000 0.716
2116.000 0.741
2117.000 0.716
2118.000 0.747
2119.000 0.732
2120.000 0.738
2121.000 0.735
2122.000 0.714
2123.000 0.749
2124.000 0.741
2125.000 0.742
2126.000 0.742
2127.000 0.735
2128.000 0.720
2129.000 0.741
2130.000 0.735
2131.000 0.708
2132.000 0.731
2133.000 0.736
2134.000 0.730
2135.000 0.740
2136.000 0.752
2137.000 0.755
2138.000 0.739
2139.000 0.774
2140.000 0.758
2141.000 0.786
2142.000 0.752
2143.000 0.753
2144.000 0.766
2145.000 0.771
2146.000 0.742
2147.000 0.767
2148.000 0.760
2149.000 0.761
2150.000 0.773
2151.000 0.765
2152.000 0.767
2153.000 0.786
2154.000 0.759
2155.000 0.806
2156.000 0.755
2157.000 0.782
2158.000 0.789
2159.000 0.809
2160.000 0.799
2161.000 0.785
2162.000 0.783
2163.000 0.792
2164.000 0.786
2165.000 0.788
2166.000 0.784
2167.000 0.775
2168.000 0.818
2169.000 0.844
2170.000 0.821
2171.000 0.808
2172.000 0.818
2173.000 0.812
2174.000 0.809
2175.000 0.815
2176.000 0.827
2177.000 0.837
2178.000 0.863
2179.000 0.840
2180.000 0.829
2181.000 0.848
2182.000 0.851
2183.000 0.912
2184.000 0.854
2185.000 0.853
2186.000 0.865
2187.000 0.861
2188.000 0.869
2189.000 0.874
2190.000 0.861
2191.000 0.906
2192.000 0.879
2193.000 0.878
2194.000 0.897
2195.000 0.891
2196.000 0.916
2197.000 0.898
2198.000 0.925
2199.000 0.941
2200.000 0.917
2201.000 0.935
2202.000 0.937
2203.000 0.934
2204.000 0.943
2205.000 0.953
2206.000 0.979
2207.000 0.971
2208.000 0.973
2209.000 0.978
2210.000 0.983
2211.000 0.989
2212.000 1.000
2213.000 1.181
2214.000 0.988
2215.000 1.001
2216.000 1.024
2217.000 1.065
2218.000 1.013
2219.000 1.081
2220.000 1.064
2221.000 1.072
2222.000 1.084
2223.000 1.066
2224.000 1.101
2225.000 1.102
2226.000 1.118
2227.000 1.113
2228.000 1.127
2229.000 1.136
2230.000 1.140
2231.000 1.190
2232.000 1.172
2233.000 1.201
2234.000 1.211
2235.000 1.238
2236.000 1.215
2237.000 1.246
2238.000 1.254
2239.000 1.243
2240.000 1.303
2241.000 1.343
2242.000 1.292
2243.000 1.343
2244.000 1.339
2245.000 1.372
2246.000 1.381
2247.000 1.390
2248.000 1.437
2249.000 1.433
2250.000 1.431
2251.000 1.506
2252.000 1.479
2253.000 1.867
2254.000 1.876
2255.000 1.723
2256.000 1.603
2257.000 1.579
2258.000 1.765
2259.000 1.706
2260.000 1.711
2261.000 1.717
2262.000 2.154
2263.000 1.820
2264.000 1.796
2265.000 1.737
2266.000 1.790
2267.000 1.981
2268.000 2.026
2269.000 2.077
2270.000 2.016
2271.000 2.191
2272.000 2.175
2273.000 2.318
2274.000 2.278
2275.000 2.300
2276.000 2.393
2277.000 2.501
2278.000 2.597
2279.000 2.681
2280.000 2.691
2281.000 2.754
2282.000 2.817
2283.000 2.820
2284.000 2.984
2285.000 2.896
2286.000 2.866
2287.000 2.821
2288.000 2.645
2289.000 2.502
2290.000 2.117
2291.000 1.775
2292.000 2.336
2293.000 4.197
2294.000 7.226
2295.000 8.976
2296.000 12.384
2297.000 14.661
2298.000 15.403
2299.000 14.835
2300.000 13.902
2301.000 13.046
2302.000 11.830
2303.000 10.606
2304.000 9.552
2305.000 8.481
2306.000 7.548
2307.000 7.271
2308.000 6.585
2309.000 5.942
2310.000 5.434
2311.000 5.005
2312.000 4.556
2313.000 4.298
2314.000 3.877
2315.000 3.650
2316.000 3.370
2317.000 3.196
2318.000 3.043
2319.000 2.875
2320.000 2.801
2321.000 2.643
2322.000 2.446
2323.000 2.320
2324.000 2.251
2325.000 2.204
2326.000 2.170
2327.000 2.003
2328.000 1.946
2329.000 1.864
2330.000 1.769
2331.000 1.685
2332.000 1.888
2333.000 1.902
2334.000 1.476
2335.000 1.513
2336.000 1.452
2337.000 1.405
2338.000 1.355
2339.000 1.317
2340.000 1.315
2341.000 1.275
2342.000 1.252
2343.000 1.115
2344.000 1.215
2345.000 1.165
2346.000 1.053
2347.000 0.946
2348.000 1.254
2349.000 1.026
2350.000 0.912
2351.000 0.997
2352.000 0.965
2353.000 0.913
2354.000 0.953
2355.000 0.984
2356.000 0.918
2357.000 0.870
2358.000 0.850
2359.000 0.792
2360.000 0.803
2361.000 0.792
2362.000 0.785
2363.000 0.761
2364.000 0.740
2365.000 0.735
2366.000 0.781
2367.000 0.979
2368.000 0.743
2369.000 0.636
2370.000 0.629
2371.000 0.703
2372.000 0.697
2373.000 0.618
2374.000 0.595
2375.000 0.609
2376.000 0.604
2377.000 0.571
2378.000 0.550
2379.000 0.563
2380.000 0.543
2381.000 0.547
2382.000 0.513
2383.000 0.561
2384.000 0.525
2385.000 0.511
2386.000 0.495
2387.000 0.506
2388.000 0.509
2389.000 0.490
2390.000 0.484
2391.000 0.548
2392.000 0.424
2393.000 0.455
2394.000 0.423
2395.000 0.399
2396.000 0.447
2397.000 0.432
2398.000 0.432
2399.000 0.408
2400.000 0.428
2401.000 0.410
2402.000 0.386
2403.000 0.399
2404.000 0.375
2405.000 0.380
2406.000 0.390
2407.000 0.358
2408.000 0.367
2409.000 0.359
2410.000 0.369
2411.000 0.385
2412.000 0.375
2413.000 0.467
2414.000 0.395
2415.000 0.360
2416.000 0.322
2417.000 0.349
2418.000 0.332
2419.000 0.330
2420.000 0.318
2421.000 0.548
2422.000 0.327
2423.000 0.491
2424.000 0.381
2425.000 0.326
2426.000 0.384
2427.000 0.320
2428.000 0.350
2429.000 0.319
2430.000 0.326
2431.000 0.292
2432.000 0.285
2433.000 0.299
2434.000 0.278
2435.000 0.291
2436.000 0.287
2437.000 0.319
2438.000 0.280
2439.000 0.230
2440.000 0.237
2441.000 0.311
2442.000 0.285
2443.000 0.252
2444.000 0.253
2445.000 0.269
2446.000 0.221
2447.000 0.245
2448.000 0.216
2449.000 0.245
2450.000 0.234
2451.000 0.285
2452.000 0.264
2453.000 0.294
2454.000 0.240
2455.000 0.228
2456.000 0.215
2457.000 0.235
2458.000 0.223
2459.000 0.234
2460.000 0.219
2461.000 0.213
2462.000 0.205
2463.000 0.391
2464.000 0.239
2465.000 0.257
2466.000 0.249
2467.000 0.221
2468.000 0.206
2469.000 0.200
2470.000 0.554
2471.000 0.618
2472.000 0.290
2473.000 0.261
2474.000 0.382
2475.000 0.317
2476.000 0.227
2477.000 0.175
2478.000 0.202
2479.000 0.202
2480.000 0.189
2481.000 0.181
2482.000 0.185
2483.000 0.173
2484.000 0.176
2485.000 0.166
2486.000 0.196
2487.000 0.193
2488.000 0.191
2489.000 0.183
2490.000 0.190
2491.000 0.173
2492.000 0.180
2493.000 0.200
2494.000 0.185
2495.000 0.179
2496.000 0.252
2497.000 0.188
2498.000 0.191
2499.000 0.160
2500.000 0.173
