2101.000 0.792
2102.000 0.781
2103.000 0.793
2104.000 0.778
2105.000 0.800
2106.000 0.804
2107.000 0.802
2108.000 0.789
2109.000 0.804
2110.000 0.807
2111.000 0.790
2112.000 0.806
2113.000 0.825
2114.000 0.736
2115.000 0.842
2116.000 0.794
2117.000 0.793
2118.000 0.776
2119.000 0.810
2120.000 0.819
2121.000 0.810
2122.000 0.810
2123.000 0.829
2124.000 0.815
2125.000 0.827
2126.000 0.812
2127.000 0.814
2128.000 0.827
2129.000 0.802
2130.000 0.810
2131.000 0.817
2132.000 0.833
2133.000 0.853
2134.000 0.817
2135.000 0.799
2136.000 0.823
2137.000 0.829
2138.000 0.821
2139.000 0.834
2140.000 0.834
2141.000 0.845
2142.000 0.818
2143.000 0.824
2144.000 1.070
2145.000 0.833
2146.000 0.854
2147.000 0.865
2148.000 0.892
2149.000 0.839
2150.000 0.852
2151.000 0.839
2152.000 0.859
2153.000 0.868
2154.000 0.880
2155.000 0.863
2156.000 0.866
2157.000 0.890
2158.000 0.875
2159.000 0.864
2160.000 0.853
2161.000 0.970
2162.000 0.918
2163.000 0.894
2164.000 0.883
2165.000 0.864
2166.000 0.898
2167.000 0.890
2168.000 0.882
2169.000 0.904
2170.000 0.916
2171.000 0.908
2172.000 0.915
2173.000 0.909
2174.000 0.909
2175.000 0.897
2176.000 0.948
2177.000 0.942
2178.000 0.922
2179.000 0.955
2180.000 0.923
2181.000 0.927
2182.000 0.949
2183.000 0.981
2184.000 0.934
2185.000 0.977
2186.000 0.982
2187.000 0.963
2188.000 0.964
2189.000 0.963
2190.000 0.989
2191.000 0.984
2192.000 1.003
2193.000 0.994
2194.000 1.013
2195.000 1.016
2196.000 1.020
2197.000 1.026
2198.000 1.013
2199.000 1.042
2200.000 1.046
2201.000 1.025
2202.000 1.038
2203.000 1.070
2204.000 1.073
2205.000 1.069
2206.000 1.118
2207.000 1.121
2208.000 1.102
2209.000 1.064
2210.000 1.084
2211.000 1.109
2212.000 1.103
2213.000 1.123
2214.000 1.154
2215.000 1.153
2216.000 1.163
2217.000 1.154
2218.000 1.180
2219.000 1.174
2220.000 1.204
2221.000 1.225
2222.000 1.211
2223.000 1.247
2224.000 1.239
2225.000 1.264
2226.000 1.314
2227.000 1.332
2228.000 2.383
2229.000 1.888
2230.000 3.711
2231.000 1.344
2232.000 1.312
2233.000 1.564
2234.000 5.456
2235.000 1.649
2236.000 1.277
2237.000 1.473
2238.000 1.441
2239.000 1.438
2240.000 1.612
2241.000 1.707
2242.000 1.434
2243.000 1.592
2244.000 1.545
2245.000 1.536
2246.000 1.541
2247.000 1.598
2248.000 1.665
2249.000 1.604
2250.000 1.743
2251.000 1.779
2252.000 1.679
2253.000 1.715
2254.000 1.785
2255.000 1.765
2256.000 1.850
2257.000 1.868
2258.000 1.924
2259.000 1.897
2260.000 2.041
2261.000 2.071
2262.000 2.092
2263.000 2.072
2264.000 2.206
2265.000 2.187
2266.000 2.222
2267.000 2.271
2268.000 2.381
2269.000 2.409
2270.000 2.495
2271.000 2.487
2272.000 2.575
2273.000 2.648
2274.000 2.747
2275.000 2.827
2276.000 2.986
2277.000 3.026
2278.000 3.054
2279.000 3.103
2280.000 3.239
2281.000 3.285
2282.000 3.496
2283.000 3.519
2284.000 3.685
2285.000 3.692
2286.000 3.774
2287.000 3.847
2288.000 3.763
2289.000 3.611
2290.000 3.612
2291.000 3.309
2292.000 3.310
2293.000 4.030
2294.000 6.194
2295.000 9.122
2296.000 12.474
2297.000 14.621
2298.000 15.262
2299.000 14.933
2300.000 14.263
2301.000 13.504
2302.000 12.885
2303.000 11.650
2304.000 10.491
2305.000 9.465
2306.000 8.369
2307.000 7.598
2308.000 6.903
2309.000 6.262
2310.000 5.665
2311.000 5.358
2312.000 4.974
2313.000 4.583
2314.000 4.518
2315.000 4.165
2316.000 3.890
2317.000 3.685
2318.000 3.420
2319.000 3.222
2320.000 3.083
2321.000 2.841
2322.000 2.756
2323.000 2.680
2324.000 2.515
2325.000 2.439
2326.000 2.314
2327.000 2.300
2328.000 2.163
2329.000 2.142
2330.000 2.013
2331.000 1.960
2332.000 1.882
2333.000 1.834
2334.000 1.724
2335.000 1.701
2336.000 1.673
2337.000 1.662
2338.000 1.575
2339.000 1.502
2340.000 1.460
2341.000 1.446
2342.000 1.424
2343.000 1.342
2344.000 1.295
2345.000 1.274
2346.000 1.252
2347.000 1.218
2348.000 1.193
2349.000 1.153
2350.000 1.159
2351.000 1.135
2352.000 1.110
2353.000 1.082
2354.000 1.064
2355.000 1.021
2356.000 1.039
2357.000 0.990
2358.000 0.938
2359.000 0.938
2360.000 0.880
2361.000 0.915
2362.000 0.861
2363.000 0.881
2364.000 0.851
2365.000 0.828
2366.000 0.797
2367.000 0.789
2368.000 0.794
2369.000 0.762
2370.000 0.770
2371.000 0.752
2372.000 0.690
2373.000 0.706
2374.000 0.729
2375.000 0.690
2376.000 0.676
2377.000 0.684
2378.000 0.667
2379.000 0.638
2380.000 0.648
2381.000 0.616
2382.000 0.603
2383.000 0.589
2384.000 0.578
2385.000 0.589
2386.000 0.563
2387.000 0.582
2388.000 0.561
2389.000 0.548
2390.000 0.550
2391.000 0.562
2392.000 0.531
2393.000 0.520
2394.000 0.526
2395.000 0.507
2396.000 0.515
2397.000 0.480
2398.000 0.496
2399.000 0.481
2400.000 0.479
2401.000 0.452
2402.000 0.468
2403.000 0.460
2404.000 0.457
2405.000 0.468
2406.000 0.434
2407.000 0.433
2408.000 0.431
2409.000 0.425
2410.000 0.406
2411.000 0.414
2412.000 0.394
2413.000 0.409
2414.000 0.414
2415.000 0.399
2416.000 0.400
2417.000 0.383
2418.000 0.389
2419.000 0.374
2420.000 0.379
2421.000 0.373
2422.000 0.366
2423.000 0.364
2424.000 0.361
2425.000 0.337
2426.000 0.355
2427.000 0.355
2428.000 0.319
2429.000 0.340
2430.000 0.331
2431.000 0.342
2432.000 0.327
2433.000 0.329
2434.000 0.322
2435.000 0.319
2436.000 0.318
2437.000 0.324
2438.000 0.314
2439.000 0.320
2440.000 0.308
2441.000 0.315
2442.000 0.298
2443.000 0.299
2444.000 0.298
2445.000 0.296
2446.000 0.298
2447.000 0.283
2448.000 0.279
2449.000 0.286
2450.000 0.285
2451.000 0.278
2452.000 0.271
2453.000 0.273
2454.000 0.280
2455.000 0.265
2456.000 0.262
2457.000 0.262
2458.000 0.280
2459.000 0.277
2460.000 0.266
2461.000 0.272
2462.000 0.263
2463.000 0.256
2464.000 0.252
2465.000 0.272
2466.000 0.249
2467.000 0.258
2468.000 0.261
2469.000 0.300
2470.000 0.257
2471.000 0.272
2472.000 0.264
2473.000 0.251
2474.000 0.249
2475.000 0.235
2476.000 0.245
2477.000 0.230
2478.000 0.240
2479.000 0.230
2480.000 0.238
2481.000 0.237
2482.000 0.216
2483.000 0.234
2484.000 0.222
2485.000 0.220
2486.000 0.226
2487.000 0.233
2488.000 0.224
2489.000 0.237
2490.000 0.207
2491.000 0.213
2492.000 0.231
2493.000 0.227
2494.000 0.244
2495.000 0.217
2496.000 0.226
2497.000 0.211
2498.000 0.221
2499.000 0.215
2500.000 0.219
