2101.000 0.954
2102.000 0.948
2103.000 0.981
2104.000 0.924
2105.000 0.929
2106.000 0.934
2107.000 0.939
2108.000 0.933
2109.000 0.940
2110.000 0.941
2111.000 0.983
2112.000 1.070
2113.000 0.898
2114.000 0.924
2115.000 0.925
2116.000 0.949
2117.000 0.948
2118.000 0.976
2119.000 0.964
2120.000 0.946
2121.000 0.964
2122.000 0.969
2123.000 0.964
2124.000 0.969
2125.000 0.967
2126.000 0.961
2127.000 0.966
2128.000 0.962
2129.000 0.959
2130.000 0.958
2131.000 0.975
2132.000 0.954
2133.000 0.983
2134.000 0.975
2135.000 0.986
2136.000 0.981
2137.000 0.981
2138.000 1.024
2139.000 0.996
2140.000 1.014
2141.000 1.014
2142.000 0.996
2143.000 0.997
2144.000 1.017
2145.000 0.977
2146.000 0.986
2147.000 0.995
2148.000 1.003
2149.000 1.032
2150.000 0.998
2151.000 1.013
2152.000 1.016
2153.000 1.012
2154.000 1.035
2155.000 1.054
2156.000 1.021
2157.000 1.027
2158.000 1.034
2159.000 1.045
2160.000 1.036
2161.000 1.036
2162.000 1.062
2163.000 1.057
2164.000 1.065
2165.000 1.091
2166.000 1.077
2167.000 1.086
2168.000 1.101
2169.000 1.079
2170.000 1.099
2171.000 1.119
2172.000 1.105
2173.000 1.090
2174.000 1.098
2175.000 1.124
2176.000 1.120
2177.000 1.108
2178.000 1.105
2179.000 1.162
2180.000 1.172
2181.000 1.118
2182.000 1.118
2183.000 1.309
2184.000 1.243
2185.000 1.242
2186.000 1.192
2187.000 1.218
2188.000 1.213
2189.000 1.185
2190.000 1.193
2191.000 1.186
2192.000 1.216
2193.000 1.216
2194.000 1.216
2195.000 1.167
2196.000 1.239
2197.000 1.248
2198.000 1.439
2199.000 1.383
2200.000 1.661
2201.000 1.470
2202.000 1.287
2203.000 1.314
2204.000 1.338
2205.000 1.333
2206.000 1.367
2207.000 1.434
2208.000 1.475
2209.000 1.309
2210.000 1.464
2211.000 1.311
2212.000 1.317
2213.000 1.400
2214.000 1.354
2215.000 1.380
2216.000 1.403
2217.000 1.395
2218.000 1.448
2219.000 1.468
2220.000 1.501
2221.000 1.505
2222.000 1.489
2223.000 1.544
2224.000 1.521
2225.000 1.624
2226.000 1.665
2227.000 1.551
2228.000 1.622
2229.000 1.655
2230.000 1.557
2231.000 1.606
2232.000 1.572
2233.000 1.727
2234.000 1.540
2235.000 1.755
2236.000 1.953
2237.000 1.788
2238.000 2.747
2239.000 1.615
2240.000 1.945
2241.000 1.808
2242.000 1.888
2243.000 1.923
2244.000 2.012
2245.000 2.139
2246.000 1.987
2247.000 2.389
2248.000 2.126
2249.000 2.039
2250.000 2.208
2251.000 2.143
2252.000 1.908
2253.000 2.269
2254.000 2.153
2255.000 2.457
2256.000 2.359
2257.000 2.428
2258.000 2.425
2259.000 2.608
2260.000 2.499
2261.000 2.869
2262.000 2.615
2263.000 2.641
2264.000 2.757
2265.000 2.859
2266.000 3.024
2267.000 2.914
2268.000 3.140
2269.000 3.001
2270.000 3.205
2271.000 3.401
2272.000 3.415
2273.000 3.273
2274.000 3.564
2275.000 3.687
2276.000 3.500
2277.000 3.944
2278.000 4.360
2279.000 4.546
2280.000 4.875
2281.000 3.970
2282.000 4.704
2283.000 4.992
2284.000 5.212
2285.000 5.684
2286.000 5.647
2287.000 5.887
2288.000 5.996
2289.000 6.082
2290.000 6.296
2291.000 6.052
2292.000 5.596
2293.000 5.595
2294.000 6.686
2295.000 9.777
2296.000 13.005
2297.000 15.117
2298.000 15.497
2299.000 16.018
2300.000 15.622
2301.000 15.054
2302.000 13.972
2303.000 12.677
2304.000 11.412
2305.000 10.403
2306.000 9.434
2307.000 8.628
2308.000 7.967
2309.000 7.624
2310.000 6.889
2311.000 6.350
2312.000 6.025
2313.000 5.458
2314.000 5.149
2315.000 4.879
2316.000 4.626
2317.000 4.238
2318.000 4.035
2319.000 3.601
2320.000 3.674
2321.000 3.425
2322.000 3.452
2323.000 3.213
2324.000 3.103
2325.000 2.951
2326.000 3.040
2327.000 2.765
2328.000 2.532
2329.000 2.551
2330.000 2.515
2331.000 2.290
2332.000 2.317
2333.000 2.142
2334.000 2.086
2335.000 2.203
2336.000 2.147
2337.000 1.918
2338.000 2.806
2339.000 2.646
2340.000 1.804
2341.000 1.678
2342.000 1.708
2343.000 1.674
2344.000 1.661
2345.000 1.593
2346.000 1.595
2347.000 1.768
2348.000 2.460
2349.000 1.485
2350.000 1.451
2351.000 1.414
2352.000 1.386
2353.000 1.685
2354.000 1.397
2355.000 1.204
2356.000 1.384
2357.000 1.192
2358.000 1.190
2359.000 1.228
2360.000 1.181
2361.000 1.138
2362.000 1.125
2363.000 1.093
2364.000 1.047
2365.000 0.983
2366.000 1.005
2367.000 0.930
2368.000 0.966
2369.000 1.071
2370.000 1.254
2371.000 0.977
2372.000 1.526
2373.000 0.931
2374.000 1.044
2375.000 0.918
2376.000 0.935
2377.000 0.884
2378.000 0.859
2379.000 0.853
2380.000 0.806
2381.000 0.795
2382.000 0.806
2383.000 0.772
2384.000 0.756
2385.000 0.735
2386.000 0.708
2387.000 0.751
2388.000 0.746
2389.000 0.681
2390.000 0.703
2391.000 0.695
2392.000 0.672
2393.000 0.664
2394.000 0.677
2395.000 0.790
2396.000 0.657
2397.000 0.638
2398.000 0.640
2399.000 0.622
2400.000 0.627
2401.000 0.658
2402.000 0.581
2403.000 0.615
2404.000 0.638
2405.000 0.573
2406.000 0.576
2407.000 0.573
2408.000 0.562
2409.000 0.578
2410.000 0.539
2411.000 0.536
2412.000 0.546
2413.000 0.540
2414.000 0.525
2415.000 0.516
2416.000 0.504
2417.000 0.503
2418.000 0.566
2419.000 0.541
2420.000 0.493
2421.000 0.482
2422.000 0.492
2423.000 0.467
2424.000 0.482
2425.000 0.469
2426.000 0.465
2427.000 0.458
2428.000 0.446
2429.000 0.452
2430.000 0.444
2431.000 0.452
2432.000 0.434
2433.000 0.467
2434.000 0.441
2435.000 0.455
2436.000 0.428
2437.000 0.419
2438.000 0.417
2439.000 0.394
2440.000 0.407
2441.000 0.420
2442.000 0.392
2443.000 0.396
2444.000 0.418
2445.000 0.386
2446.000 0.385
2447.000 0.404
2448.000 0.370
2449.000 0.388
2450.000 0.364
2451.000 0.381
2452.000 0.379
2453.000 0.382
2454.000 0.380
2455.000 0.364
2456.000 0.359
2457.000 0.357
2458.000 0.367
2459.000 0.352
2460.000 0.351
2461.000 0.346
2462.000 0.328
2463.000 0.352
2464.000 0.363
2465.000 0.334
2466.000 0.348
2467.000 0.360
2468.000 0.314
2469.000 0.461
2470.000 0.376
2471.000 0.399
2472.000 0.436
2473.000 0.885
2474.000 0.751
2475.000 0.365
2476.000 0.488
2477.000 0.336
2478.000 0.333
2479.000 0.332
2480.000 0.333
2481.000 0.339
2482.000 0.308
2483.000 0.310
2484.000 0.306
2485.000 0.313
2486.000 0.316
2487.000 0.316
2488.000 0.324
2489.000 0.288
2490.000 0.295
2491.000 0.318
2492.000 0.302
2493.000 0.308
2494.000 0.306
2495.000 0.281
2496.000 0.294
2497.000 0.286
2498.000 0.298
2499.000 0.294
2500.000 0.291
