110.000 0.671
120.000 0.769
130.000 0.747
140.000 0.832
150.000 0.897
160.000 1.507
170.000 0.982
180.000 1.408
190.000 1.627
200.000 1.412
210.000 1.386
220.000 1.128
230.000 2.087
240.000 1.808
250.000 1.546
260.000 2.024
270.000 2.112
280.000 2.014
290.000 2.198
300.000 2.218
310.000 2.252
320.000 3.126
330.000 3.299
340.000 2.963
350.000 3.077
360.000 3.455
370.000 4.056
380.000 4.047
390.000 4.996
400.000 5.626
410.000 6.199
420.000 7.425
430.000 7.692
440.000 9.739
450.000 10.698
460.000 11.246
470.000 13.428
480.000 14.447
490.000 15.861
500.000 16.979
510.000 17.597
520.000 20.058
530.000 20.093
540.000 25.224
550.000 28.474
560.000 31.384
570.000 42.056
580.000 50.339
590.000 75.695
600.000 69.132
610.000 42.273
620.000 23.172
630.000 17.292
640.000 12.284
650.000 9.560
660.000 8.066
670.000 6.361
680.000 5.839
690.000 4.803
700.000 3.984
710.000 3.751
720.000 3.345
730.000 3.161
740.000 2.674
750.000 2.460
760.000 2.317
770.000 1.923
780.000 1.880
790.000 1.710
800.000 1.614
810.000 1.507
820.000 1.418
830.000 1.354
840.000 1.276
850.000 1.249
860.000 1.067
870.000 1.052
880.000 1.059
890.000 0.908
900.000 0.885
910.000 0.813
920.000 0.792
930.000 0.757
940.000 0.710
950.000 0.653
960.000 0.694
970.000 0.795
980.000 0.740
990.000 0.783
1000.000 0.739
1010.000 0.764
1020.000 0.764
1030.000 0.811
1040.000 0.876
1050.000 0.925
1060.000 1.378
1070.000 1.064
1080.000 1.238
1090.000 1.479
1100.000 1.645
1110.000 2.229
1120.000 2.860
1130.000 3.315
1140.000 5.425
1150.000 7.291
1160.000 11.818
1170.000 7.745
1180.000 5.200
1190.000 3.843
1200.000 2.831
1210.000 2.708
1220.000 2.228
1230.000 2.126
1240.000 1.987
1250.000 1.821
1260.000 1.718
1270.000 1.715
1280.000 1.624
1290.000 1.611
1300.000 1.501
1310.000 1.490
1320.000 1.477
1330.000 1.465
1340.000 1.461
1350.000 1.425
1360.000 1.421
1370.000 1.518
1380.000 1.498
1390.000 1.524
1400.000 1.549
1410.000 1.574
1420.000 1.621
1430.000 1.637
1440.000 1.679
1450.000 1.711
1460.000 1.787
1470.000 1.877
1480.000 1.899
1490.000 1.993
1500.000 2.048
1510.000 2.167
1520.000 2.325
1530.000 2.360
1540.000 2.563
1550.000 2.652
1560.000 2.902
1570.000 3.136
1580.000 3.264
1590.000 3.576
1600.000 3.792
1610.000 4.164
1620.000 4.671
1630.000 5.046
1640.000 5.703
1650.000 6.190
1660.000 7.237
1670.000 8.639
1680.000 9.537
1690.000 11.920
1700.000 13.313
1710.000 17.104
1720.000 20.552
1730.000 20.935
1740.000 16.786
1750.000 13.835
1760.000 10.130
1770.000 8.407
1780.000 8.056
1790.000 7.736
1800.000 7.685
1810.000 7.538
1820.000 7.426
1830.000 7.372
1840.000 7.180
1850.000 7.165
1860.000 7.004
1870.000 6.879
1880.000 6.893
1890.000 6.776
1900.000 6.794
1910.000 6.792
1920.000 6.778
1930.000 6.726
1940.000 6.631
1950.000 6.612
1960.000 6.752
1970.000 6.752
1980.000 6.714
1990.000 6.783
2000.000 6.785
2010.000 6.855
2020.000 6.883
2030.000 7.022
2040.000 7.062
2050.000 7.147
2060.000 7.289
2070.000 7.356
2080.000 7.491
2090.000 7.678
2100.000 7.783
2110.000 7.984
2120.000 8.135
2130.000 8.380
2140.000 8.655
2150.000 8.846
2160.000 9.222
2170.000 9.405
2180.000 9.889
2190.000 10.488
2200.000 10.862
2210.000 11.700
2220.000 12.152
2230.000 13.296
2240.000 14.963
2250.000 15.784
2260.000 18.079
2270.000 19.511
2280.000 23.328
2290.000 28.654
2300.000 31.926
2310.000 38.666
2320.000 40.935
2330.000 38.973
2340.000 30.642
2350.000 26.572
2360.000 20.388
2370.000 18.187
2380.000 14.823
2390.000 12.305
2400.000 11.385
2410.000 9.804
2420.000 9.175
2430.000 8.104
2440.000 7.304
2450.000 6.910
2460.000 6.317
2470.000 6.088
2480.000 5.620
2490.000 5.244
2500.000 5.074
2510.000 4.780
2520.000 4.654
2530.000 4.435
2540.000 4.261
2550.000 4.148
2560.000 4.017
2570.000 3.941
2580.000 3.833
2590.000 3.732
2600.000 3.714
2610.000 3.639
2620.000 3.606
2630.000 3.620
2640.000 3.612
2650.000 3.597
2660.000 3.621
2670.000 3.638
2680.000 3.666
2690.000 3.748
2700.000 3.794
2710.000 3.884
2720.000 3.957
2730.000 4.143
2740.000 4.324
2750.000 4.429
2760.000 4.732
2770.000 4.901
2780.000 5.311
2790.000 5.839
2800.000 6.131
2810.000 6.910
2820.000 7.457
2830.000 8.716
2840.000 10.626
2850.000 11.950
2860.000 15.865
2870.000 18.801
2880.000 27.922
2890.000 36.865
2900.000 34.920
2910.000 20.415
2920.000 16.341
2930.000 11.577
2940.000 8.918
2950.000 8.007
2960.000 6.650
2970.000 6.133
2980.000 5.286
2990.000 4.662
3000.000 4.423
3010.000 3.967
3020.000 3.814
3030.000 3.469
3040.000 3.237
3050.000 3.116
3060.000 2.929
3070.000 2.839
3080.000 2.707
3090.000 2.583
3100.000 2.528
3110.000 2.445
3120.000 2.390
3130.000 2.334
3140.000 2.278
3150.000 2.247
3160.000 2.226
3170.000 2.196
3180.000 2.174
3190.000 2.184
3200.000 2.185
3210.000 2.186
3220.000 2.191
3230.000 2.223
3240.000 2.236
3250.000 2.274
3260.000 2.352
3270.000 2.380
3280.000 2.462
3290.000 2.520
3300.000 2.621
3310.000 2.769
3320.000 2.821
3330.000 3.029
3340.000 3.161
3350.000 3.441
3360.000 3.786
3370.000 3.996
3380.000 4.509
3390.000 4.841
3400.000 5.698
3410.000 6.939
3420.000 7.790
3430.000 10.372
3440.000 12.362
3450.000 18.552
3460.000 27.036
3470.000 27.746
3480.000 16.003
3490.000 12.441
3500.000 8.630
3510.000 6.551
3520.000 5.841
3530.000 4.832
3540.000 4.457
3550.000 3.841
3560.000 3.402
3570.000 3.201
3580.000 2.906
3590.000 2.783
3600.000 2.554
3610.000 2.376
3620.000 2.289
3630.000 2.166
3640.000 2.103
3650.000 1.993
3660.000 1.910
3670.000 1.882
3680.000 1.812
3690.000 1.783
3700.000 1.716
3710.000 1.679
3720.000 1.676
3730.000 1.638
3740.000 1.645
3750.000 1.619
3760.000 1.613
3770.000 1.619
3780.000 1.624
3790.000 1.626
3800.000 1.661
3810.000 1.685
3820.000 1.688
3830.000 1.739
3840.000 1.753
3850.000 1.818
3860.000 1.896
3870.000 1.934
3880.000 2.036
3890.000 2.085
3900.000 2.237
3910.000 2.391
3920.000 2.504
3930.000 2.718
3940.000 2.902
3950.000 3.246
3960.000 3.720
3970.000 4.045
3980.000 4.896
3990.000 5.468
4000.000 7.158
4010.000 10.093
4020.000 12.370
4030.000 18.804
4040.000 21.093
4050.000 14.417
4060.000 8.489
4070.000 7.042
4080.000 5.241
4090.000 4.650
4100.000 3.802
4110.000 3.203
4120.000 2.969
4130.000 2.600
4140.000 2.448
4150.000 2.210
4160.000 2.015
4170.000 1.941
4180.000 1.786
4190.000 1.735
4200.000 1.629
4210.000 1.531
4220.000 1.508
4230.000 1.432
4240.000 1.406
4250.000 1.371
4260.000 1.314
4270.000 1.305
4280.000 1.277
4290.000 1.266
4300.000 1.238
4310.000 1.227
4320.000 1.212
4330.000 1.200
4340.000 1.180
4350.000 1.145
4360.000 1.130
4370.000 1.123
4380.000 1.131
4390.000 1.141
4400.000 1.172
4410.000 1.199
4420.000 1.250
4430.000 1.317
4440.000 1.361
4450.000 1.451
4460.000 1.492
4470.000 1.605
4480.000 1.735
4490.000 1.821
4500.000 2.006
4510.000 2.119
4520.000 2.395
4530.000 2.769
4540.000 3.017
4550.000 3.627
4560.000 4.067
4570.000 5.288
4580.000 7.414
4590.000 9.091
4600.000 13.996
4610.000 16.524
4620.000 14.367
4630.000 8.389
4640.000 6.999
4650.000 5.296
4660.000 4.719
4670.000 3.963
4680.000 3.459
4690.000 3.280
4700.000 2.955
4710.000 2.855
4720.000 2.649
4730.000 2.496
4740.000 2.437
4750.000 2.300
4760.000 2.256
4770.000 2.148
4780.000 2.057
4790.000 1.992
4800.000 1.879
4810.000 1.823
4820.000 1.716
4830.000 1.597
4840.000 1.540
4850.000 1.421
4860.000 1.390
4870.000 1.267
4880.000 1.197
4890.000 1.163
4900.000 1.139
4910.000 1.129
4920.000 1.126
4930.000 1.178
4940.000 1.223
4950.000 1.330
4960.000 1.411
4970.000 1.580
4980.000 1.796
4990.000 1.922
5000.000 2.218
5010.000 2.380
5020.000 2.751
5030.000 3.202
5040.000 3.452
5050.000 4.045
5060.000 4.396
5070.000 5.174
5080.000 6.126
5090.000 6.689
5100.000 8.048
5110.000 8.867
5120.000 10.901
5130.000 13.666
5140.000 15.528
5150.000 20.737
5160.000 24.500
5170.000 35.483
5180.000 49.182
5190.000 51.604
5200.000 36.791
5210.000 28.935
5220.000 19.872
5230.000 14.981
5240.000 13.271
5250.000 10.717
5260.000 9.782
5270.000 8.255
5280.000 7.085
5290.000 6.577
5300.000 5.652
5310.000 5.299
5320.000 4.975
5330.000 4.816
5340.000 4.740
5350.000 4.585
5360.000 4.483
5370.000 4.325
5380.000 4.162
5390.000 4.087
5400.000 3.949
5410.000 3.867
5420.000 3.758
5430.000 3.644
5440.000 3.586
5450.000 3.511
5460.000 3.476
5470.000 3.411
5480.000 3.378
5490.000 3.370
5500.000 3.348
5510.000 3.351
5520.000 3.354
5530.000 3.382
5540.000 3.398
5550.000 3.465
5560.000 3.504
5570.000 3.598
5580.000 3.644
5590.000 3.772
5600.000 3.954
5610.000 4.047
5620.000 4.281
5630.000 4.433
5640.000 4.761
5650.000 5.204
5660.000 5.459
5670.000 6.091
5680.000 6.473
5690.000 7.474
5700.000 8.886
5710.000 9.856
5720.000 12.585
5730.000 14.558
5740.000 20.664
5750.000 30.462
5760.000 34.748
5770.000 28.953
5780.000 21.403
5790.000 13.953
5800.000 10.259
5810.000 9.042
5820.000 7.269
5830.000 6.659
5840.000 5.693
5850.000 5.007
5860.000 4.691
5870.000 4.231
5880.000 4.010
5890.000 3.701
5900.000 3.417
5910.000 3.303
5920.000 3.094
5930.000 3.029
5940.000 2.861
5950.000 2.735
5960.000 2.670
5970.000 2.580
5980.000 2.542
5990.000 2.472
6000.000 2.403
6010.000 2.391
6020.000 2.350
6030.000 2.341
6040.000 2.316
6050.000 2.313
6060.000 2.317
6070.000 2.318
6080.000 2.311
6090.000 2.346
6100.000 2.397
6110.000 2.416
6120.000 2.472
6130.000 2.502
6140.000 2.590
6150.000 2.699
6160.000 2.768
6170.000 2.905
6180.000 2.983
6190.000 3.177
6200.000 3.406
6210.000 3.540
6220.000 3.871
6230.000 4.060
6240.000 4.542
6250.000 5.165
6260.000 5.552
6270.000 6.620
6280.000 7.330
6290.000 9.259
6300.000 12.428
6310.000 14.807
6320.000 22.004
6330.000 26.157
6340.000 27.597
6350.000 16.446
6360.000 13.290
6370.000 9.447
6380.000 8.245
6390.000 6.605
6400.000 5.507
6410.000 5.095
6420.000 4.428
6430.000 4.168
6440.000 3.737
6450.000 3.397
6460.000 3.251
6470.000 3.015
6480.000 2.915
6490.000 2.747
6500.000 2.598
6510.000 2.512
6520.000 2.406
6530.000 2.352
6540.000 2.274
6550.000 2.210
6560.000 2.184
6570.000 2.150
6580.000 2.131
6590.000 2.094
6600.000 2.077
6610.000 2.078
6620.000 2.077
6630.000 2.075
6640.000 2.069
6650.000 2.101
6660.000 2.115
6670.000 2.151
6680.000 2.170
6690.000 2.227
6700.000 2.287
6710.000 2.332
6720.000 2.433
6730.000 2.478
6740.000 2.617
6750.000 2.698
6760.000 2.850
6770.000 3.055
6780.000 3.192
6790.000 3.470
6800.000 3.665
6810.000 4.080
6820.000 4.612
6830.000 4.943
6840.000 5.833
6850.000 6.403
6860.000 7.974
6870.000 10.510
6880.000 12.402
6890.000 17.960
6900.000 21.614
6910.000 25.729
6920.000 16.696
6930.000 13.232
6940.000 9.300
6950.000 8.098
6960.000 6.420
6970.000 5.381
6980.000 4.965
6990.000 4.313
7000.000 4.055
7010.000 3.624
7020.000 3.280
7030.000 3.146
7040.000 2.903
7050.000 2.800
7060.000 2.616
7070.000 2.466
7080.000 2.400
7090.000 2.284
7100.000 2.240
7110.000 2.159
7120.000 2.085
7130.000 2.043
7140.000 1.991
7150.000 1.976
7160.000 1.939
7170.000 1.929
7180.000 1.899
7190.000 1.887
7200.000 1.887
7210.000 1.887
7220.000 1.890
7230.000 1.902
7240.000 1.920
7250.000 1.935
7260.000 1.986
7270.000 2.053
7280.000 2.072
7290.000 2.163
7300.000 2.191
7310.000 2.296
7320.000 2.415
7330.000 2.488
7340.000 2.659
7350.000 2.758
7360.000 2.991
7370.000 3.130
7380.000 3.458
7390.000 3.868
7400.000 4.125
7410.000 4.778
7420.000 5.208
7430.000 6.288
7440.000 7.977
7450.000 9.182
7460.000 12.764
7470.000 15.321
7480.000 21.028
7490.000 19.099
7500.000 14.793
7510.000 10.169
7520.000 8.949
7530.000 7.143
7540.000 5.868
7550.000 5.355
7560.000 4.536
7570.000 4.226
7580.000 3.718
7590.000 3.340
7600.000 3.173
7610.000 2.891
7620.000 2.679
7630.000 2.586
7640.000 2.444
7650.000 2.367
7660.000 2.231
7670.000 2.167
7680.000 2.101
7690.000 2.037
7700.000 2.014
7710.000 1.951
7720.000 1.920
7730.000 1.898
7740.000 1.885
7750.000 1.856
7760.000 1.852
7770.000 1.844
7780.000 1.850
7790.000 1.864
7800.000 1.874
7810.000 1.909
7820.000 1.924
7830.000 1.952
7840.000 2.003
7850.000 2.049
7860.000 2.124
7870.000 2.214
7880.000 2.257
7890.000 2.388
7900.000 2.464
7910.000 2.632
7920.000 2.872
7930.000 2.988
7940.000 2.993
7950.000 3.101
7960.000 3.515
7970.000 3.721
7980.000 4.254
7990.000 5.060
8000.000 5.571
8010.000 6.984
8020.000 7.944
8030.000 10.793
8040.000 15.447
8050.000 18.311
8060.000 20.610
8070.000 17.564
8080.000 10.988
8090.000 7.796
8100.000 6.742
8110.000 5.371
8120.000 4.892
8130.000 4.407
8140.000 3.932
8150.000 3.670
8160.000 3.251
8170.000 3.083
8180.000 2.801
8190.000 2.573
8200.000 2.502
8210.000 2.327
8220.000 2.257
8230.000 2.141
8240.000 2.014
8250.000 1.986
8260.000 1.917
8270.000 1.928
8280.000 1.867
8290.000 1.836
8300.000 1.793
8310.000 1.777
8320.000 1.754
8330.000 1.753
8340.000 1.742
8350.000 1.732
8360.000 1.740
8370.000 1.762
8380.000 1.763
8390.000 1.788
8400.000 1.809
8410.000 1.843
8420.000 1.874
8430.000 1.919
8440.000 1.987
8450.000 2.051
8460.000 2.182
8470.000 2.243
8480.000 2.385
8490.000 2.552
8500.000 2.642
8510.000 2.861
8520.000 3.010
8530.000 3.328
8540.000 3.534
8550.000 4.012
8560.000 4.651
8570.000 5.069
8580.000 6.208
8590.000 6.926
8600.000 9.113
8610.000 12.663
8620.000 15.130
8630.000 19.186
8640.000 18.566
8650.000 12.380
8660.000 8.675
8670.000 7.559
8680.000 5.896
8690.000 5.299
8700.000 4.403
8710.000 3.780
8720.000 3.532
8730.000 3.136
8740.000 2.976
8750.000 2.700
8760.000 2.486
8770.000 2.397
8780.000 2.247
8790.000 2.176
8800.000 2.046
8810.000 1.938
8820.000 1.908
8830.000 1.834
8840.000 1.805
8850.000 1.755
8860.000 1.708
8870.000 1.683
8880.000 1.660
8890.000 1.663
8900.000 1.637
8910.000 1.613
8920.000 1.600
8930.000 1.597
8940.000 1.598
8950.000 1.613
8960.000 1.641
8970.000 1.645
8980.000 1.684
8990.000 1.704
9000.000 1.758
9010.000 1.829
9020.000 1.862
9030.000 1.937
9040.000 1.997
9050.000 2.109
9060.000 2.242
9070.000 2.334
9080.000 2.512
9090.000 2.630
9100.000 2.900
9110.000 3.264
9120.000 3.482
9130.000 4.033
9140.000 4.401
9150.000 5.339
9160.000 6.754
9170.000 7.684
9180.000 10.475
9190.000 12.388
9200.000 16.332
9210.000 15.135
9220.000 12.379
9230.000 8.337
9240.000 7.079
9250.000 5.452
9260.000 4.434
9270.000 4.056
9280.000 3.465
9290.000 3.226
9300.000 2.854
9310.000 2.567
9320.000 2.449
9330.000 2.251
9340.000 2.163
9350.000 2.009
9360.000 1.890
9370.000 1.829
9380.000 1.741
9390.000 1.694
9400.000 1.642
9410.000 1.573
9420.000 1.553
9430.000 1.512
9440.000 1.483
9450.000 1.446
9460.000 1.418
9470.000 1.405
9480.000 1.395
9490.000 1.415
9500.000 1.416
9510.000 1.435
9520.000 1.423
9530.000 1.443
9540.000 1.450
9550.000 1.474
9560.000 1.498
9570.000 1.529
9580.000 1.573
9590.000 1.604
9600.000 1.674
9610.000 1.744
9620.000 1.795
9630.000 1.899
9640.000 1.970
9650.000 2.119
9660.000 2.291
9670.000 2.399
9680.000 2.654
9690.000 2.821
9700.000 3.183
9710.000 3.450
9720.000 4.109
9730.000 5.022
9740.000 5.656
9750.000 7.343
9760.000 8.547
9770.000 11.565
9780.000 13.237
9790.000 12.085
9800.000 8.474
9810.000 7.356
9820.000 5.656
9830.000 4.415
9840.000 3.982
9850.000 3.292
9860.000 3.059
9870.000 2.664
9880.000 2.374
9890.000 2.240
9900.000 2.046
9910.000 1.956
9920.000 1.826
9930.000 1.696
9940.000 1.654
9950.000 1.560
9960.000 1.531
9970.000 1.457
9980.000 1.394
9990.000 1.380
10000.000 1.332
10010.000 1.319
10020.000 1.281
10030.000 1.269
10040.000 1.250
10050.000 1.243
10060.000 1.228
10070.000 1.215
10080.000 1.229
10090.000 1.239
10100.000 1.255
10110.000 1.273
10120.000 1.286
10130.000 1.322
10140.000 1.344
10150.000 1.355
10160.000 1.357
10170.000 1.367
10180.000 1.433
10190.000 1.476
10200.000 1.561
10210.000 1.613
10220.000 1.719
10230.000 1.862
10240.000 1.947
10250.000 2.152
10260.000 2.270
10270.000 2.569
10280.000 2.959
10290.000 3.209
10300.000 3.921
10310.000 4.376
10320.000 5.670
10330.000 7.653
10340.000 8.940
10350.000 11.286
10360.000 11.269
10370.000 8.096
10380.000 5.588
10390.000 4.839
10400.000 3.777
10410.000 3.402
10420.000 2.830
10430.000 2.441
10440.000 2.295
10450.000 2.028
10460.000 1.926
10470.000 1.745
10480.000 1.611
10490.000 1.549
10500.000 1.458
10510.000 1.421
10520.000 1.348
10530.000 1.288
10540.000 1.263
10550.000 1.217
10560.000 1.206
10570.000 1.167
10580.000 1.136
10590.000 1.117
10600.000 1.103
10610.000 1.100
10620.000 1.081
10630.000 1.066
10640.000 1.077
10650.000 1.060
10660.000 1.075
10670.000 1.081
10680.000 1.083
10690.000 1.111
10700.000 1.115
10710.000 1.117
10720.000 1.166
10730.000 1.191
10740.000 1.221
10750.000 1.281
10760.000 1.292
10770.000 1.368
10780.000 1.453
10790.000 1.493
10800.000 1.614
10810.000 1.681
10820.000 1.847
10830.000 2.059
10840.000 2.181
10850.000 2.494
10860.000 2.703
10870.000 3.219
10880.000 3.909
10890.000 4.360
10900.000 5.541
10910.000 6.151
10920.000 7.920
10930.000 8.820
10940.000 8.595
10950.000 6.082
10960.000 5.163
10970.000 3.846
10980.000 3.415
10990.000 2.804
11000.000 2.367
11010.000 2.203
11020.000 1.936
11030.000 1.823
11040.000 1.650
11050.000 1.493
11060.000 1.433
11070.000 1.332
11080.000 1.293
11090.000 1.210
11100.000 1.138
11110.000 1.110
11120.000 1.064
11130.000 1.047
11140.000 1.007
11150.000 0.982
11160.000 0.974
11170.000 0.943
11180.000 0.946
11190.000 0.940
11200.000 0.919
11210.000 0.918
11220.000 0.918
11230.000 0.917
11240.000 0.922
11250.000 0.921
11260.000 0.928
11270.000 0.947
11280.000 0.948
11290.000 0.980
11300.000 1.012
11310.000 1.033
11320.000 1.100
11330.000 1.120
11340.000 1.176
11350.000 1.242
11360.000 1.281
11370.000 1.379
11380.000 1.422
11390.000 1.553
11400.000 1.710
11410.000 1.810
11420.000 2.056
11430.000 2.214
11440.000 2.612
11450.000 3.181
11460.000 3.575
11470.000 4.655
11480.000 5.342
11490.000 7.155
11500.000 7.807
11510.000 7.154
11520.000 5.125
11530.000 4.359
11540.000 3.305
11550.000 2.596
11560.000 2.359
11570.000 2.005
11580.000 1.873
11590.000 1.637
11600.000 1.454
11610.000 1.391
11620.000 1.262
11630.000 1.215
11640.000 1.122
11650.000 1.056
11660.000 1.023
11670.000 0.966
11680.000 0.940
11690.000 0.919
11700.000 0.881
11710.000 0.872
11720.000 0.863
11730.000 0.876
11740.000 0.854
11750.000 0.829
11760.000 0.805
11770.000 0.797
11780.000 0.785
11790.000 0.784
11800.000 0.782
11810.000 0.787
11820.000 0.790
11830.000 0.793
11840.000 0.817
11850.000 0.817
11860.000 0.836
11870.000 0.852
11880.000 0.862
11890.000 0.899
11900.000 0.942
11910.000 0.951
11920.000 1.017
11930.000 1.044
11940.000 1.107
11950.000 1.212
11960.000 1.252
11970.000 1.378
11980.000 1.465
11990.000 1.630
12000.000 1.875
