110.000 2.200
120.000 2.389
130.000 3.107
140.000 2.796
150.000 3.459
160.000 3.553
170.000 4.267
180.000 4.500
190.000 4.083
200.000 4.257
210.000 4.583
220.000 4.597
230.000 5.222
240.000 5.356
250.000 5.493
260.000 5.602
270.000 5.234
280.000 5.666
290.000 5.579
300.000 6.117
310.000 6.366
320.000 6.296
330.000 7.213
340.000 7.107
350.000 7.825
360.000 7.170
370.000 8.142
380.000 7.980
390.000 9.990
400.000 9.841
410.000 11.450
420.000 10.982
430.000 12.128
440.000 13.151
450.000 14.076
460.000 15.156
470.000 15.173
480.000 15.220
490.000 14.881
500.000 14.558
510.000 13.980
520.000 13.075
530.000 11.799
540.000 10.367
550.000 10.011
560.000 9.096
570.000 8.660
580.000 7.694
590.000 6.806
600.000 6.484
610.000 5.841
620.000 5.499
630.000 4.970
640.000 4.542
650.000 4.329
660.000 3.960
670.000 3.763
680.000 3.474
690.000 3.148
700.000 3.082
710.000 2.836
720.000 2.774
730.000 2.524
740.000 2.469
750.000 2.305
760.000 2.117
770.000 2.059
780.000 1.916
790.000 1.874
800.000 1.743
810.000 1.610
820.000 1.565
830.000 1.406
840.000 1.380
850.000 1.279
860.000 1.207
870.000 1.154
880.000 1.048
890.000 0.991
900.000 0.932
910.000 0.903
920.000 0.836
930.000 0.712
940.000 0.697
950.000 0.696
960.000 0.728
970.000 0.669
980.000 0.646
990.000 0.618
1000.000 0.582
1010.000 0.576
1020.000 0.552
1030.000 0.622
1040.000 0.566
1050.000 0.476
1060.000 0.626
1070.000 0.527
1080.000 0.520
1090.000 0.499
1100.000 0.491
1110.000 0.508
1120.000 0.537
1130.000 0.561
1140.000 0.568
1150.000 0.585
1160.000 0.594
1170.000 0.640
1180.000 0.635
1190.000 0.720
1200.000 0.600
1210.000 0.677
1220.000 1.035
1230.000 0.883
1240.000 0.888
1250.000 0.895
1260.000 0.938
1270.000 0.978
1280.000 1.027
1290.000 1.108
1300.000 1.129
1310.000 1.167
1320.000 1.180
1330.000 1.221
1340.000 1.290
1350.000 1.322
1360.000 1.337
1370.000 1.449
1380.000 1.474
1390.000 1.509
1400.000 1.619
1410.000 1.610
1420.000 1.707
1430.000 1.761
1440.000 1.811
1450.000 1.911
1460.000 1.964
1470.000 2.013
1480.000 2.123
1490.000 2.139
1500.000 2.247
1510.000 2.344
1520.000 2.369
1530.000 2.465
1540.000 2.507
1550.000 2.616
1560.000 2.730
1570.000 2.750
1580.000 2.879
1590.000 2.945
1600.000 3.066
1610.000 3.147
1620.000 3.200
1630.000 3.296
1640.000 3.340
1650.000 3.395
1660.000 3.471
1670.000 3.484
1680.000 3.492
1690.000 3.509
1700.000 3.443
1710.000 3.359
1720.000 3.266
1730.000 3.089
1740.000 3.058
1750.000 2.971
1760.000 3.109
1770.000 3.289
1780.000 3.815
1790.000 4.147
1800.000 4.989
1810.000 5.406
1820.000 6.297
1830.000 7.108
1840.000 7.549
1850.000 8.381
1860.000 8.733
1870.000 9.558
1880.000 10.284
1890.000 10.682
1900.000 11.441
1910.000 12.081
1920.000 12.550
1930.000 13.333
1940.000 13.570
1950.000 14.256
1960.000 14.843
1970.000 15.543
1980.000 16.163
1990.000 16.356
2000.000 16.960
2010.000 17.597
2020.000 17.929
2030.000 18.587
2040.000 18.958
2050.000 19.573
2060.000 20.133
2070.000 20.361
2080.000 20.967
2090.000 21.277
2100.000 21.832
2110.000 22.136
2120.000 22.708
2130.000 23.051
2140.000 23.640
2150.000 24.330
2160.000 24.623
2170.000 25.373
2180.000 25.771
2190.000 26.637
2200.000 27.570
2210.000 28.617
2220.000 29.199
2230.000 29.811
2240.000 31.199
2250.000 32.811
2260.000 34.665
2270.000 35.626
2280.000 37.737
2290.000 38.931
2300.000 41.515
2310.000 43.002
2320.000 45.903
2330.000 48.782
2340.000 50.102
2350.000 52.351
2360.000 53.416
2370.000 53.391
2380.000 52.095
2390.000 50.744
2400.000 47.263
2410.000 43.150
2420.000 40.976
2430.000 38.914
2440.000 34.812
2450.000 31.199
2460.000 29.574
2470.000 26.539
2480.000 25.191
2490.000 22.790
2500.000 20.717
2510.000 18.928
2520.000 18.143
2530.000 17.379
2540.000 16.014
2550.000 14.786
2560.000 14.236
2570.000 13.253
2580.000 12.339
2590.000 11.939
2600.000 11.167
2610.000 10.832
2620.000 10.163
2630.000 9.613
2640.000 9.329
2650.000 8.833
2660.000 8.587
2670.000 8.160
2680.000 7.745
2690.000 7.572
2700.000 7.215
2710.000 6.877
2720.000 6.707
2730.000 6.547
2740.000 6.287
2750.000 6.027
2760.000 5.871
2770.000 5.668
2780.000 5.456
2790.000 5.352
2800.000 5.147
2810.000 5.052
2820.000 4.867
2830.000 4.788
2840.000 4.645
2850.000 4.539
2860.000 4.405
2870.000 4.272
2880.000 4.150
2890.000 4.079
2900.000 4.022
2910.000 3.897
2920.000 3.807
2930.000 3.695
2940.000 3.633
2950.000 3.588
2960.000 3.498
2970.000 3.400
2980.000 3.320
2990.000 3.281
3000.000 3.201
3010.000 3.161
3020.000 3.091
3030.000 3.049
3040.000 3.006
3050.000 2.962
3060.000 2.890
3070.000 2.849
3080.000 2.814
3090.000 2.756
3100.000 2.693
3110.000 2.667
3120.000 2.632
3130.000 2.596
3140.000 2.556
3150.000 2.548
3160.000 2.489
3170.000 2.448
3180.000 2.398
3190.000 2.386
3200.000 2.355
3210.000 2.324
3220.000 2.298
3230.000 2.264
3240.000 2.254
3250.000 2.221
3260.000 2.219
3270.000 2.185
3280.000 2.154
3290.000 2.134
3300.000 2.133
3310.000 2.106
3320.000 2.075
3330.000 2.062
3340.000 2.055
3350.000 2.036
3360.000 2.027
3370.000 2.013
3380.000 2.003
3390.000 1.978
3400.000 1.969
3410.000 1.945
3420.000 1.930
3430.000 1.930
3440.000 1.915
3450.000 1.917
3460.000 1.919
3470.000 1.890
3480.000 1.893
3490.000 1.873
3500.000 1.861
3510.000 1.871
3520.000 1.843
3530.000 1.857
3540.000 1.837
3550.000 1.827
3560.000 1.824
3570.000 1.825
3580.000 1.826
3590.000 1.809
3600.000 1.808
3610.000 1.803
3620.000 1.797
3630.000 1.793
3640.000 1.788
3650.000 1.783
3660.000 1.782
3670.000 1.777
3680.000 1.780
3690.000 1.778
3700.000 1.770
3710.000 1.778
3720.000 1.764
3730.000 1.763
3740.000 1.762
3750.000 1.769
3760.000 1.773
3770.000 1.772
3780.000 1.771
3790.000 1.767
3800.000 1.771
3810.000 1.770
3820.000 1.781
3830.000 1.783
3840.000 1.783
3850.000 1.784
3860.000 1.788
3870.000 1.802
3880.000 1.810
3890.000 1.803
3900.000 1.820
3910.000 1.832
3920.000 1.842
3930.000 1.853
3940.000 1.846
3950.000 1.857
3960.000 1.858
3970.000 1.873
3980.000 1.887
3990.000 1.913
4000.000 1.911
4010.000 1.916
4020.000 1.937
4030.000 1.946
4040.000 1.974
4050.000 1.983
4060.000 1.999
4070.000 2.028
4080.000 2.029
4090.000 2.064
4100.000 2.080
4110.000 2.106
4120.000 2.145
4130.000 2.156
4140.000 2.193
4150.000 2.205
4160.000 2.238
4170.000 2.270
4180.000 2.303
4190.000 2.366
4200.000 2.378
4210.000 2.439
4220.000 2.466
4230.000 2.519
4240.000 2.588
4250.000 2.626
4260.000 2.695
4270.000 2.737
4280.000 2.820
4290.000 2.919
4300.000 3.002
4310.000 3.052
4320.000 3.149
4330.000 3.182
4340.000 3.248
4350.000 3.270
4360.000 3.308
4370.000 3.364
4380.000 3.421
4390.000 3.558
4400.000 3.758
4410.000 3.860
4420.000 3.971
4430.000 4.250
4440.000 4.562
4450.000 4.921
4460.000 5.095
4470.000 5.317
4480.000 5.791
4490.000 6.354
4500.000 6.669
4510.000 7.480
4520.000 7.934
4530.000 9.036
4540.000 10.480
4550.000 11.383
4560.000 13.678
4570.000 15.196
4580.000 19.201
4590.000 25.206
4600.000 28.867
4610.000 36.522
4620.000 38.751
4630.000 35.753
4640.000 27.857
4650.000 24.537
4660.000 19.865
4670.000 16.609
4680.000 15.393
4690.000 13.537
4700.000 12.799
4710.000 11.580
4720.000 10.645
4730.000 10.220
4740.000 9.507
4750.000 9.193
4760.000 8.596
4770.000 8.320
4780.000 7.752
4790.000 7.221
4800.000 6.927
4810.000 6.375
4820.000 6.100
4830.000 5.545
4840.000 5.000
4850.000 4.733
4860.000 4.238
4870.000 4.013
4880.000 3.594
4890.000 3.256
4900.000 3.102
4910.000 2.902
4920.000 2.758
4930.000 2.735
4940.000 2.736
4950.000 2.772
4960.000 2.876
4970.000 3.043
4980.000 3.148
4990.000 3.359
5000.000 3.489
5010.000 3.757
5020.000 4.036
5030.000 4.175
5040.000 4.484
5050.000 4.633
5060.000 4.913
5070.000 5.204
5080.000 5.335
5090.000 5.582
5100.000 5.709
5110.000 5.926
5120.000 6.058
5130.000 6.121
5140.000 6.170
5150.000 6.220
5160.000 6.219
5170.000 6.153
5180.000 6.117
5190.000 6.003
5200.000 5.927
5210.000 5.775
5220.000 5.612
5230.000 5.519
5240.000 5.350
5250.000 5.260
5260.000 5.062
5270.000 4.802
5280.000 4.645
5290.000 4.320
5300.000 4.305
5310.000 4.361
5320.000 4.419
5330.000 4.438
5340.000 4.458
5350.000 4.471
5360.000 4.456
5370.000 4.441
5380.000 4.377
5390.000 4.316
5400.000 4.290
5410.000 4.207
5420.000 4.172
5430.000 4.084
5440.000 4.032
5450.000 3.950
5460.000 3.867
5470.000 3.815
5480.000 3.731
5490.000 3.696
5500.000 3.616
5510.000 3.546
5520.000 3.477
5530.000 3.440
5540.000 3.398
5550.000 3.350
5560.000 3.296
5570.000 3.262
5580.000 3.201
5590.000 3.155
5600.000 3.134
5610.000 3.087
5620.000 3.036
5630.000 3.007
5640.000 2.994
5650.000 2.957
5660.000 2.916
5670.000 2.896
5680.000 2.856
5690.000 2.853
5700.000 2.817
5710.000 2.772
5720.000 2.775
5730.000 2.739
5740.000 2.713
5750.000 2.704
5760.000 2.686
5770.000 2.673
5780.000 2.658
5790.000 2.654
5800.000 2.633
5810.000 2.628
5820.000 2.602
5830.000 2.595
5840.000 2.579
5850.000 2.584
5860.000 2.558
5870.000 2.557
5880.000 2.549
5890.000 2.535
5900.000 2.540
5910.000 2.533
5920.000 2.539
5930.000 2.530
5940.000 2.536
5950.000 2.524
5960.000 2.530
5970.000 2.534
5980.000 2.510
5990.000 2.531
6000.000 2.533
6010.000 2.535
6020.000 2.536
6030.000 2.528
6040.000 2.545
6050.000 2.559
6060.000 2.555
6070.000 2.577
6080.000 2.571
6090.000 2.582
6100.000 2.596
6110.000 2.600
6120.000 2.608
6130.000 2.618
6140.000 2.642
6150.000 2.660
6160.000 2.671
6170.000 2.685
6180.000 2.699
6190.000 2.710
6200.000 2.738
6210.000 2.753
6220.000 2.770
6230.000 2.799
6240.000 2.814
6250.000 2.834
6260.000 2.864
6270.000 2.881
6280.000 2.921
6290.000 2.935
6300.000 2.973
6310.000 2.994
6320.000 3.026
6330.000 3.064
6340.000 3.123
6350.000 3.139
6360.000 3.183
6370.000 3.213
6380.000 3.256
6390.000 3.306
6400.000 3.356
6410.000 3.435
6420.000 3.460
6430.000 3.551
6440.000 3.580
6450.000 3.647
6460.000 3.733
6470.000 3.761
6480.000 3.876
6490.000 3.928
6500.000 4.017
6510.000 4.071
6520.000 4.181
6530.000 4.313
6540.000 4.437
6550.000 4.504
6560.000 4.581
6570.000 4.734
6580.000 4.890
6590.000 5.069
6600.000 5.169
6610.000 5.353
6620.000 5.471
6630.000 5.708
6640.000 5.828
6650.000 6.091
6660.000 6.250
6670.000 6.568
6680.000 6.911
6690.000 7.282
6700.000 7.491
6710.000 7.711
6720.000 8.224
6730.000 8.781
6740.000 9.105
6750.000 9.829
6760.000 10.674
6770.000 11.152
6780.000 12.247
6790.000 12.872
6800.000 14.338
6810.000 15.218
6820.000 17.332
6830.000 20.078
6840.000 21.789
6850.000 25.925
6860.000 32.044
6870.000 36.177
6880.000 47.612
6890.000 54.092
6900.000 65.090
6910.000 66.165
6920.000 54.915
6930.000 40.644
6940.000 35.571
6950.000 27.923
6960.000 22.838
6970.000 20.790
6980.000 17.718
6990.000 16.515
7000.000 14.500
7010.000 12.943
7020.000 12.272
7030.000 11.121
7040.000 10.602
7050.000 9.720
7060.000 9.320
7070.000 8.630
7080.000 8.036
7090.000 7.784
7100.000 7.290
7110.000 6.847
7120.000 6.661
7130.000 6.292
7140.000 6.128
7150.000 5.822
7160.000 5.536
7170.000 5.415
7180.000 5.160
7190.000 5.048
7200.000 4.835
7210.000 4.650
7220.000 4.564
7230.000 4.379
7240.000 4.314
7250.000 4.151
7260.000 4.081
7270.000 3.939
7280.000 3.817
7290.000 3.752
7300.000 3.627
7310.000 3.537
7320.000 3.486
7330.000 3.386
7340.000 3.348
7350.000 3.240
7360.000 3.165
7370.000 3.117
7380.000 3.046
7390.000 3.001
7400.000 2.914
7410.000 2.879
7420.000 2.791
7430.000 2.707
7440.000 2.665
7450.000 2.601
7460.000 2.622
7470.000 2.776
7480.000 2.801
7490.000 2.786
7500.000 2.743
7510.000 2.713
7520.000 2.654
7530.000 2.591
7540.000 2.574
7550.000 2.512
7560.000 2.467
7570.000 2.458
7580.000 2.446
7590.000 2.394
7600.000 2.357
7610.000 2.328
7620.000 2.309
7630.000 2.288
7640.000 2.246
7650.000 2.224
7660.000 2.196
7670.000 2.189
7680.000 2.162
7690.000 2.157
7700.000 2.128
7710.000 2.110
7720.000 2.088
7730.000 2.071
7740.000 2.054
7750.000 2.042
7760.000 2.021
7770.000 2.014
7780.000 1.998
7790.000 1.975
7800.000 1.965
7810.000 1.943
7820.000 1.932
7830.000 1.919
7840.000 1.916
7850.000 1.889
7860.000 1.872
7870.000 1.855
7880.000 1.849
7890.000 1.840
7900.000 1.815
7910.000 1.811
7920.000 1.777
7930.000 1.781
7940.000 1.744
7950.000 1.724
7960.000 1.729
7970.000 1.748
7980.000 1.767
7990.000 1.756
8000.000 1.756
8010.000 1.743
8020.000 1.736
8030.000 1.746
8040.000 1.733
8050.000 1.720
8060.000 1.730
8070.000 1.728
8080.000 1.716
8090.000 1.727
8100.000 1.733
8110.000 1.735
8120.000 1.740
8130.000 1.740
8140.000 1.743
8150.000 1.747
8160.000 1.766
8170.000 1.760
8180.000 1.764
8190.000 1.779
8200.000 1.799
8210.000 1.800
8220.000 1.810
8230.000 1.827
8240.000 1.835
8250.000 1.870
8260.000 1.880
8270.000 1.910
8280.000 1.916
8290.000 1.921
8300.000 1.882
8310.000 1.852
8320.000 1.847
8330.000 1.860
8340.000 1.862
8350.000 1.897
8360.000 1.902
8370.000 1.924
8380.000 1.929
8390.000 1.944
8400.000 1.970
8410.000 1.978
8420.000 1.988
8430.000 2.007
8440.000 2.036
8450.000 2.037
8460.000 2.053
8470.000 2.082
8480.000 2.107
8490.000 2.122
8500.000 2.135
8510.000 2.139
8520.000 2.170
8530.000 2.199
8540.000 2.208
8550.000 2.232
8560.000 2.259
8570.000 2.287
8580.000 2.320
8590.000 2.326
8600.000 2.364
8610.000 2.375
8620.000 2.420
8630.000 2.465
8640.000 2.476
8650.000 2.522
8660.000 2.546
8670.000 2.589
8680.000 2.647
8690.000 2.658
8700.000 2.723
8710.000 2.756
8720.000 2.801
8730.000 2.857
8740.000 2.911
8750.000 2.967
8760.000 2.996
8770.000 3.065
8780.000 3.110
8790.000 3.189
8800.000 3.226
8810.000 3.301
8820.000 3.405
8830.000 3.466
8840.000 3.570
8850.000 3.674
8860.000 3.735
8870.000 3.877
8880.000 3.939
8890.000 4.087
8900.000 4.165
8910.000 4.329
8920.000 4.509
8930.000 4.605
8940.000 4.828
8950.000 4.938
8960.000 5.179
8970.000 5.449
8980.000 5.615
8990.000 5.940
9000.000 6.296
9010.000 6.533
9020.000 6.986
9030.000 7.541
9040.000 7.827
9050.000 8.157
9060.000 8.900
9070.000 9.720
9080.000 10.231
9090.000 11.454
9100.000 12.166
9110.000 13.932
9120.000 16.210
9130.000 17.585
9140.000 21.190
9150.000 23.511
9160.000 29.328
9170.000 36.331
9180.000 39.329
9190.000 40.964
9200.000 35.524
9210.000 32.121
9220.000 26.013
9230.000 23.245
9240.000 18.804
9250.000 15.587
9260.000 14.220
9270.000 13.175
9280.000 11.499
9290.000 10.151
9300.000 9.096
9310.000 8.633
9320.000 7.859
9330.000 7.513
9340.000 6.906
9350.000 6.389
9360.000 6.175
9370.000 5.753
9380.000 5.562
9390.000 5.222
9400.000 4.924
9410.000 4.774
9420.000 4.653
9430.000 4.402
9440.000 4.188
9450.000 4.089
9460.000 3.903
9470.000 3.730
9480.000 3.657
9490.000 3.498
9500.000 3.355
9510.000 3.292
9520.000 3.172
9530.000 3.114
9540.000 3.004
9550.000 2.953
9560.000 2.852
9570.000 2.754
9580.000 2.716
9590.000 2.626
9600.000 2.592
9610.000 2.509
9620.000 2.478
9630.000 2.415
9640.000 2.349
9650.000 2.283
9660.000 2.243
9670.000 2.217
9680.000 2.162
9690.000 2.101
9700.000 2.072
9710.000 2.028
9720.000 1.992
9730.000 1.971
9740.000 1.930
9750.000 1.897
9760.000 1.854
9770.000 1.845
9780.000 1.797
9790.000 1.765
9800.000 1.750
9810.000 1.714
9820.000 1.685
9830.000 1.666
9840.000 1.650
9850.000 1.636
9860.000 1.613
9870.000 1.592
9880.000 1.554
9890.000 1.536
9900.000 1.521
9910.000 1.510
9920.000 1.505
9930.000 1.483
9940.000 1.470
9950.000 1.449
9960.000 1.425
9970.000 1.422
9980.000 1.398
9990.000 1.380
10000.000 1.349
10010.000 1.348
10020.000 1.339
10030.000 1.331
10040.000 1.314
10050.000 1.306
10060.000 1.297
10070.000 1.273
10080.000 1.260
10090.000 1.249
10100.000 1.249
10110.000 1.235
10120.000 1.236
10130.000 1.220
10140.000 1.220
10150.000 1.202
10160.000 1.206
10170.000 1.187
10180.000 1.188
10190.000 1.185
10200.000 1.167
10210.000 1.152
10220.000 1.148
10230.000 1.147
10240.000 1.133
10250.000 1.148
10260.000 1.121
10270.000 1.123
10280.000 1.125
10290.000 1.116
10300.000 1.110
10310.000 1.106
10320.000 1.101
10330.000 1.088
10340.000 1.086
10350.000 1.093
10360.000 1.092
10370.000 1.084
10380.000 1.083
10390.000 1.076
10400.000 1.057
10410.000 1.072
10420.000 1.066
10430.000 1.054
10440.000 1.050
10450.000 1.055
10460.000 1.063
10470.000 1.057
10480.000 1.057
10490.000 1.057
10500.000 1.056
10510.000 1.073
10520.000 1.086
10530.000 1.092
10540.000 1.103
10550.000 1.128
10560.000 1.160
10570.000 1.163
10580.000 1.164
10590.000 1.158
10600.000 1.173
10610.000 1.164
10620.000 1.177
10630.000 1.172
10640.000 1.182
10650.000 1.177
10660.000 1.185
10670.000 1.198
10680.000 1.204
10690.000 1.199
10700.000 1.208
10710.000 1.216
10720.000 1.233
10730.000 1.228
10740.000 1.246
10750.000 1.257
10760.000 1.252
10770.000 1.273
10780.000 1.266
10790.000 1.294
10800.000 1.290
10810.000 1.310
10820.000 1.308
10830.000 1.328
10840.000 1.337
10850.000 1.354
10860.000 1.358
10870.000 1.368
10880.000 1.401
10890.000 1.415
10900.000 1.421
10910.000 1.437
10920.000 1.467
10930.000 1.464
10940.000 1.501
10950.000 1.514
10960.000 1.530
10970.000 1.539
10980.000 1.574
10990.000 1.596
11000.000 1.619
11010.000 1.648
11020.000 1.688
11030.000 1.692
11040.000 1.716
11050.000 1.766
11060.000 1.796
11070.000 1.826
11080.000 1.873
11090.000 1.898
11100.000 1.957
11110.000 2.003
11120.000 2.031
11130.000 2.099
11140.000 2.122
11150.000 2.206
11160.000 2.270
11170.000 2.317
11180.000 2.403
11190.000 2.448
11200.000 2.548
11210.000 2.666
11220.000 2.724
11230.000 2.851
11240.000 3.001
11250.000 3.071
11260.000 3.261
11270.000 3.340
11280.000 3.565
11290.000 3.684
11300.000 3.936
11310.000 4.235
11320.000 4.381
11330.000 4.736
11340.000 4.946
11350.000 5.436
11360.000 6.012
11370.000 6.365
11380.000 7.183
11390.000 8.202
11400.000 8.847
11410.000 10.374
11420.000 11.321
11430.000 13.619
11440.000 16.401
11450.000 17.800
11460.000 19.505
11470.000 19.396
11480.000 17.291
11490.000 15.740
11500.000 12.722
11510.000 10.515
11520.000 9.561
11530.000 8.133
11540.000 7.008
11550.000 6.552
11560.000 5.789
11570.000 5.484
11580.000 4.916
11590.000 4.685
11600.000 4.260
11610.000 3.907
11620.000 3.758
11630.000 3.483
11640.000 3.344
11650.000 3.114
11660.000 3.008
11670.000 2.826
11680.000 2.664
11690.000 2.590
11700.000 2.440
11710.000 2.333
11720.000 2.268
11730.000 2.167
11740.000 2.069
11750.000 2.027
11760.000 1.935
11770.000 1.907
11780.000 1.827
11790.000 1.793
11800.000 1.727
11810.000 1.702
11820.000 1.631
11830.000 1.571
11840.000 1.552
11850.000 1.488
11860.000 1.452
11870.000 1.430
11880.000 1.399
11890.000 1.353
11900.000 1.328
11910.000 1.316
11920.000 1.280
11930.000 1.247
11940.000 1.210
11950.000 1.196
11960.000 1.163
11970.000 1.163
11980.000 1.134
11990.000 1.104
12000.000 1.094
