110.000 0.573
120.000 0.526
130.000 0.566
140.000 0.672
150.000 0.713
160.000 0.769
170.000 0.851
180.000 0.853
190.000 0.992
200.000 0.979
210.000 1.114
220.000 1.109
230.000 1.295
240.000 1.327
250.000 1.485
260.000 1.758
270.000 2.557
280.000 6.457
290.000 6.290
300.000 4.733
310.000 3.695
320.000 3.032
330.000 3.608
340.000 3.990
350.000 4.460
360.000 4.727
370.000 6.275
380.000 6.589
390.000 10.058
400.000 11.144
410.000 13.455
420.000 14.744
430.000 20.894
440.000 25.400
450.000 42.712
460.000 58.404
470.000 74.002
480.000 86.544
490.000 77.342
500.000 46.398
510.000 30.040
520.000 24.977
530.000 18.462
540.000 15.010
550.000 12.134
560.000 10.224
570.000 9.389
580.000 7.746
590.000 7.263
600.000 6.375
610.000 5.046
620.000 5.238
630.000 4.113
640.000 3.641
650.000 3.493
660.000 3.184
670.000 2.811
680.000 2.737
690.000 2.587
700.000 2.799
710.000 2.685
720.000 2.205
730.000 2.165
740.000 2.032
750.000 1.988
760.000 1.915
770.000 1.801
780.000 1.903
790.000 1.907
800.000 2.065
810.000 1.934
820.000 1.899
830.000 1.893
840.000 1.934
850.000 2.212
860.000 2.519
870.000 2.577
880.000 3.026
890.000 3.704
900.000 4.255
910.000 6.139
920.000 7.819
930.000 11.564
940.000 6.203
950.000 3.824
960.000 2.517
970.000 6.466
980.000 6.986
990.000 1.908
1000.000 1.181
1010.000 1.138
1020.000 0.905
1030.000 0.784
1040.000 0.710
1050.000 0.678
1060.000 0.604
1070.000 0.556
1080.000 0.582
1090.000 0.633
1100.000 0.557
1110.000 0.570
1120.000 0.579
1130.000 0.537
1140.000 0.571
1150.000 0.609
1160.000 0.627
1170.000 0.648
1180.000 0.692
1190.000 0.738
1200.000 0.800
1210.000 0.833
1220.000 0.887
1230.000 0.990
1240.000 1.055
1250.000 1.123
1260.000 1.187
1270.000 1.385
1280.000 1.612
1290.000 1.853
1300.000 2.020
1310.000 2.446
1320.000 2.672
1330.000 3.517
1340.000 4.542
1350.000 5.414
1360.000 8.122
1370.000 10.469
1380.000 18.248
1390.000 19.364
1400.000 12.205
1410.000 9.301
1420.000 6.352
1430.000 5.209
1440.000 4.239
1450.000 3.867
1460.000 3.682
1470.000 3.212
1480.000 2.914
1490.000 2.813
1500.000 2.653
1510.000 2.526
1520.000 2.460
1530.000 2.435
1540.000 2.413
1550.000 2.351
1560.000 2.349
1570.000 2.345
1580.000 2.358
1590.000 2.351
1600.000 2.364
1610.000 2.400
1620.000 2.439
1630.000 2.517
1640.000 2.555
1650.000 2.417
1660.000 2.960
1670.000 2.762
1680.000 2.844
1690.000 2.891
1700.000 2.866
1710.000 2.962
1720.000 2.985
1730.000 3.045
1740.000 3.284
1750.000 3.492
1760.000 3.821
1770.000 4.870
1780.000 6.586
1790.000 9.345
1800.000 11.359
1810.000 17.033
1820.000 21.481
1830.000 34.317
1840.000 44.183
1850.000 40.414
1860.000 26.034
1870.000 22.083
1880.000 17.076
1890.000 14.124
1900.000 13.175
1910.000 12.314
1920.000 11.048
1930.000 9.989
1940.000 9.773
1950.000 8.981
1960.000 8.536
1970.000 8.380
1980.000 7.970
1990.000 7.891
2000.000 7.662
2010.000 7.327
2020.000 7.365
2030.000 7.225
2040.000 7.181
2050.000 7.126
2060.000 7.103
2070.000 7.099
2080.000 7.098
2090.000 7.127
2100.000 7.161
2110.000 7.243
2120.000 7.313
2130.000 7.461
2140.000 7.549
2150.000 7.750
2160.000 8.041
2170.000 8.202
2180.000 8.375
2190.000 8.814
2200.000 9.349
2210.000 10.056
2220.000 10.482
2230.000 11.479
2240.000 12.123
2250.000 13.749
2260.000 14.824
2270.000 17.649
2280.000 21.502
2290.000 24.309
2300.000 31.218
2310.000 34.745
2320.000 38.761
2330.000 36.651
2340.000 27.179
2350.000 19.790
2360.000 17.214
2370.000 13.580
2380.000 12.236
2390.000 10.183
2400.000 8.710
2410.000 11.951
2420.000 7.311
2430.000 6.938
2440.000 6.145
2450.000 5.627
2460.000 5.221
2470.000 5.057
2480.000 4.874
2490.000 4.627
2500.000 4.391
2510.000 4.320
2520.000 4.148
2530.000 4.049
2540.000 3.994
2550.000 3.903
2560.000 3.893
2570.000 3.893
2580.000 3.876
2590.000 3.904
2600.000 3.961
2610.000 4.000
2620.000 4.129
2630.000 4.191
2640.000 4.364
2650.000 4.621
2660.000 4.796
2670.000 5.172
2680.000 5.392
2690.000 5.961
2700.000 6.520
2710.000 4.713
2720.000 8.700
2730.000 9.580
2740.000 12.347
2750.000 17.096
2760.000 20.771
2770.000 30.711
2780.000 34.363
2790.000 25.337
2800.000 14.801
2810.000 12.227
2820.000 9.082
2830.000 8.026
2840.000 6.524
2850.000 5.528
2860.000 5.132
2870.000 4.497
2880.000 4.032
2890.000 3.825
2900.000 3.505
2910.000 3.358
2920.000 3.166
2930.000 3.048
2940.000 2.889
2950.000 2.755
2960.000 2.699
2970.000 2.617
2980.000 2.569
2990.000 2.533
3000.000 2.507
3010.000 2.485
3020.000 2.474
3030.000 2.473
3040.000 2.485
3050.000 2.533
3060.000 2.552
3070.000 2.631
3080.000 2.745
3090.000 2.796
3100.000 2.962
3110.000 3.049
3120.000 3.280
3130.000 3.595
3140.000 3.774
3150.000 4.224
3160.000 4.550
3170.000 5.322
3180.000 6.490
3190.000 7.281
3200.000 9.791
3210.000 11.701
3220.000 17.978
3230.000 22.159
3240.000 26.273
3250.000 13.520
3260.000 10.702
3270.000 7.498
3280.000 5.779
3290.000 5.178
3300.000 4.720
3310.000 3.978
3320.000 3.476
3330.000 3.268
3340.000 2.947
3350.000 2.793
3360.000 2.558
3370.000 2.403
3380.000 2.253
3390.000 2.201
3400.000 2.088
3410.000 2.056
3420.000 1.968
3430.000 1.934
3440.000 1.933
3450.000 1.896
3460.000 1.869
3470.000 1.881
3480.000 1.878
3490.000 1.875
3500.000 1.921
3510.000 1.932
3520.000 1.989
3530.000 2.031
3540.000 2.102
3550.000 2.228
3560.000 2.281
3570.000 2.445
3580.000 2.646
3590.000 2.791
3600.000 2.916
3610.000 3.299
3620.000 3.794
3630.000 4.126
3640.000 4.992
3650.000 5.614
3660.000 7.414
3670.000 10.789
3680.000 16.893
3690.000 20.440
3700.000 18.060
3710.000 12.137
3720.000 7.526
3730.000 5.465
3740.000 4.814
3750.000 3.908
3760.000 3.546
3770.000 3.030
3780.000 2.660
3790.000 2.503
3800.000 2.402
3810.000 2.171
3820.000 1.991
3830.000 1.854
3840.000 1.813
3850.000 1.720
3860.000 1.669
3870.000 1.616
3880.000 1.573
3890.000 1.536
3900.000 1.515
3910.000 1.507
3920.000 1.487
3930.000 1.487
3940.000 1.489
3950.000 1.502
3960.000 1.513
3970.000 1.551
3980.000 1.569
3990.000 1.614
4000.000 1.692
4010.000 1.743
4020.000 1.519
4030.000 1.894
4040.000 2.063
4050.000 2.145
4060.000 2.396
4070.000 2.709
4080.000 2.894
4090.000 3.442
4100.000 4.214
4110.000 4.778
4120.000 6.527
4130.000 7.902
4140.000 12.286
4150.000 16.816
4160.000 15.166
4170.000 7.793
4180.000 6.237
4190.000 4.423
4200.000 3.888
4210.000 3.127
4220.000 2.627
4230.000 2.445
4240.000 2.139
4250.000 2.016
4260.000 1.831
4270.000 1.654
4280.000 1.604
4290.000 1.497
4300.000 1.465
4310.000 1.390
4320.000 1.319
4330.000 1.280
4340.000 1.206
4350.000 1.143
4360.000 1.126
4370.000 1.085
4380.000 1.078
4390.000 1.082
4400.000 1.079
4410.000 1.119
4420.000 1.142
4430.000 1.166
4440.000 1.198
4450.000 1.260
4460.000 1.299
4470.000 1.335
4480.000 1.414
4490.000 1.543
4500.000 1.607
4510.000 1.788
4520.000 2.001
4530.000 2.153
4540.000 2.532
4550.000 2.778
4560.000 3.456
4570.000 3.955
4580.000 5.441
4590.000 8.160
4600.000 10.270
4610.000 14.544
4620.000 10.530
4630.000 7.666
4640.000 5.294
4650.000 4.619
4660.000 3.687
4670.000 3.387
4680.000 2.939
4690.000 2.628
4700.000 2.502
4710.000 2.328
4720.000 2.183
4730.000 2.124
4740.000 2.025
4750.000 1.949
4760.000 1.912
4770.000 1.890
4780.000 1.814
4790.000 1.734
4800.000 1.703
4810.000 1.627
4820.000 1.550
4830.000 1.505
4840.000 1.436
4850.000 1.394
4860.000 1.316
4870.000 1.290
4880.000 1.242
4890.000 1.229
4900.000 1.231
4910.000 1.270
4920.000 1.340
4930.000 1.406
4940.000 1.572
4950.000 1.703
4960.000 2.001
4970.000 2.189
4980.000 2.688
4990.000 3.371
5000.000 4.372
5010.000 5.033
5020.000 6.954
5030.000 8.355
5040.000 12.398
5050.000 15.794
5060.000 24.871
5070.000 31.976
5080.000 28.810
5090.000 18.538
5100.000 15.745
5110.000 12.297
5120.000 10.193
5130.000 9.448
5140.000 8.297
5150.000 7.807
5160.000 7.022
5170.000 6.676
5180.000 6.114
5190.000 5.619
5200.000 5.419
5210.000 5.033
5220.000 4.730
5230.000 4.581
5240.000 4.341
5250.000 4.231
5260.000 4.030
5270.000 3.840
5280.000 3.744
5290.000 3.590
5300.000 3.519
5310.000 3.337
5320.000 3.408
5330.000 3.494
5340.000 3.682
5350.000 3.758
5360.000 3.954
5370.000 4.155
5380.000 4.274
5390.000 4.505
5400.000 4.641
5410.000 4.964
5420.000 5.161
5430.000 5.618
5440.000 6.232
5450.000 6.592
5460.000 7.561
5470.000 8.960
5480.000 9.891
5490.000 12.628
5500.000 14.639
5510.000 21.069
5520.000 25.800
5530.000 35.933
5540.000 29.200
5550.000 20.769
5560.000 13.404
5570.000 11.310
5580.000 8.637
5590.000 7.000
5600.000 6.401
5610.000 5.489
5620.000 5.108
5630.000 4.499
5640.000 4.041
5650.000 3.866
5660.000 3.558
5670.000 3.435
5680.000 3.215
5690.000 3.055
5700.000 2.978
5710.000 2.861
5720.000 2.817
5730.000 2.729
5740.000 2.685
5750.000 2.650
5760.000 2.627
5770.000 2.622
5780.000 2.635
5790.000 2.653
5800.000 2.687
5810.000 2.727
5820.000 2.826
5830.000 2.873
5840.000 2.936
5850.000 3.072
5860.000 3.272
5870.000 3.532
5880.000 3.673
5890.000 3.847
5900.000 4.260
5910.000 4.844
5920.000 5.634
5930.000 6.176
5940.000 6.817
5950.000 8.554
5960.000 11.622
5970.000 13.927
5980.000 21.075
5990.000 25.121
6000.000 24.194
6010.000 13.550
6020.000 9.200
6030.000 7.922
6040.000 6.975
6050.000 5.629
6060.000 4.736
6070.000 4.096
6080.000 3.847
6090.000 3.635
6100.000 3.295
6110.000 3.013
6120.000 2.914
6130.000 2.721
6140.000 2.572
6150.000 2.502
6160.000 2.400
6170.000 2.363
6180.000 2.292
6190.000 2.246
6200.000 2.235
6210.000 2.206
6220.000 2.194
6230.000 2.200
6240.000 2.216
6250.000 2.229
6260.000 2.279
6270.000 2.309
6280.000 2.377
6290.000 2.438
6300.000 2.547
6310.000 2.690
6320.000 2.784
6330.000 2.989
6340.000 3.126
6350.000 3.435
6360.000 3.858
6370.000 4.109
6380.000 4.799
6390.000 5.213
6400.000 6.357
6410.000 8.185
6420.000 9.563
6430.000 13.898
6440.000 17.124
6450.000 23.303
6460.000 17.713
6470.000 13.180
6480.000 8.794
6490.000 7.521
6500.000 5.859
6510.000 4.812
6520.000 4.434
6530.000 3.814
6540.000 3.572
6550.000 3.215
6560.000 2.914
6570.000 2.805
6580.000 2.602
6590.000 2.546
6600.000 2.393
6610.000 2.298
6620.000 2.245
6630.000 2.174
6640.000 2.151
6650.000 2.102
6660.000 2.067
6670.000 2.062
6680.000 2.063
6690.000 2.062
6700.000 2.083
6710.000 2.116
6720.000 2.124
6730.000 2.192
6740.000 2.257
6750.000 2.322
6760.000 2.447
6770.000 2.524
6780.000 2.683
6790.000 2.791
6800.000 3.038
6810.000 3.398
6820.000 3.613
6830.000 4.105
6840.000 4.451
6850.000 5.306
6860.000 5.894
6870.000 7.568
6880.000 10.396
6890.000 8.129
6900.000 18.518
6910.000 21.123
6920.000 17.527
6930.000 10.209
6940.000 8.521
6950.000 6.361
6960.000 5.658
6970.000 4.640
6980.000 3.963
6990.000 3.699
7000.000 3.279
7010.000 3.097
7020.000 2.817
7030.000 2.609
7040.000 2.505
7050.000 2.363
7060.000 2.296
7070.000 2.199
7080.000 2.115
7090.000 2.061
7100.000 2.015
7110.000 1.985
7120.000 1.946
7130.000 1.931
7140.000 1.922
7150.000 1.923
7160.000 1.930
7170.000 1.939
7180.000 1.982
7190.000 2.011
7200.000 2.084
7210.000 2.161
7220.000 2.214
7230.000 2.351
7240.000 2.416
7250.000 2.602
7260.000 2.838
7270.000 2.993
7280.000 3.337
7290.000 3.548
7300.000 4.117
7310.000 4.502
7320.000 5.485
7330.000 7.057
7340.000 8.220
7350.000 11.730
7360.000 14.304
7370.000 19.145
7380.000 14.566
7390.000 9.003
7400.000 7.509
7410.000 6.335
7420.000 4.947
7430.000 4.451
7440.000 3.758
7450.000 3.225
7460.000 2.838
7470.000 2.689
7480.000 2.454
7490.000 2.387
7500.000 2.333
7510.000 2.333
7520.000 2.258
7530.000 2.213
7540.000 2.123
7550.000 2.058
7560.000 2.024
7570.000 1.956
7580.000 1.944
7590.000 1.918
7600.000 1.908
7610.000 1.902
7620.000 1.921
7630.000 1.948
7640.000 1.974
7650.000 2.010
7660.000 2.049
7670.000 2.155
7680.000 2.187
7690.000 2.311
7700.000 2.474
7710.000 2.661
7720.000 2.791
7730.000 3.089
7740.000 3.261
7750.000 3.740
7760.000 4.361
7770.000 4.782
7780.000 6.030
7790.000 6.881
7800.000 9.346
7810.000 11.243
7820.000 16.217
7830.000 18.210
7840.000 15.096
7850.000 9.210
7860.000 7.644
7870.000 5.713
7880.000 4.588
7890.000 4.179
7900.000 3.528
7910.000 3.044
7920.000 2.833
7930.000 2.692
7940.000 2.507
7950.000 2.487
7960.000 2.371
7970.000 2.202
7980.000 2.061
7990.000 2.017
8000.000 1.933
8010.000 1.906
8020.000 1.854
8030.000 1.826
8040.000 1.818
8050.000 1.809
8060.000 1.821
8070.000 1.821
8080.000 1.844
8090.000 1.857
8100.000 1.893
8110.000 1.949
8120.000 1.992
8130.000 2.045
8140.000 2.151
8150.000 2.269
8160.000 2.418
8170.000 2.527
8180.000 2.637
8190.000 2.906
8200.000 3.288
8210.000 3.519
8220.000 4.146
8230.000 5.051
8240.000 5.666
8250.000 7.235
8260.000 8.335
8270.000 8.553
8280.000 11.870
8290.000 14.082
8300.000 13.965
8310.000 11.191
8320.000 7.377
8330.000 6.283
8340.000 4.865
8350.000 3.989
8360.000 3.666
8370.000 3.182
8380.000 2.994
8390.000 2.683
8400.000 2.444
8410.000 2.367
8420.000 2.184
8430.000 2.124
8440.000 1.996
8450.000 1.907
8460.000 1.852
8470.000 1.812
8480.000 1.764
8490.000 1.737
8500.000 1.711
8510.000 1.706
8520.000 1.702
8530.000 1.710
8540.000 1.724
8550.000 1.748
8560.000 1.805
8570.000 1.816
8580.000 1.858
8590.000 1.900
8600.000 1.964
8610.000 2.071
8620.000 2.189
8630.000 2.291
8640.000 2.482
8650.000 2.603
8660.000 2.899
8670.000 3.300
8680.000 3.883
8690.000 4.246
8700.000 5.253
8710.000 5.952
8720.000 7.956
8730.000 9.419
8740.000 12.741
8750.000 13.673
8760.000 12.213
8770.000 9.235
8780.000 6.450
8790.000 5.557
8800.000 4.203
8810.000 3.930
8820.000 3.368
8830.000 2.923
8840.000 2.751
8850.000 2.603
8860.000 2.357
8870.000 2.179
8880.000 2.034
8890.000 1.974
8900.000 1.870
8910.000 1.834
8920.000 1.764
8930.000 1.711
8940.000 1.695
8950.000 1.658
8960.000 1.657
8970.000 1.599
8980.000 1.602
8990.000 1.602
9000.000 1.620
9010.000 1.639
9020.000 1.672
9030.000 1.705
9040.000 1.755
9050.000 1.799
9060.000 1.890
9070.000 1.993
9080.000 2.134
9090.000 2.218
9100.000 2.424
9110.000 2.543
9120.000 2.851
9130.000 3.256
9140.000 3.517
9150.000 3.836
9160.000 4.704
9170.000 6.044
9180.000 6.988
9190.000 9.996
9200.000 11.872
9210.000 13.851
9220.000 9.839
9230.000 7.947
9240.000 5.629
9250.000 4.366
9260.000 3.910
9270.000 3.260
9280.000 3.016
9290.000 2.607
9300.000 2.331
9310.000 2.227
9320.000 2.039
9330.000 1.951
9340.000 1.819
9350.000 1.710
9360.000 1.674
9370.000 1.584
9380.000 1.554
9390.000 1.503
9400.000 1.472
9410.000 1.450
9420.000 1.445
9430.000 1.461
9440.000 1.441
9450.000 1.454
9460.000 1.450
9470.000 1.484
9480.000 1.501
9490.000 1.517
9500.000 1.559
9510.000 1.615
9520.000 1.701
9530.000 1.749
9540.000 1.864
9550.000 2.004
9560.000 2.104
9570.000 2.310
9580.000 2.420
9590.000 2.762
9600.000 3.227
9610.000 3.529
9620.000 4.334
9630.000 4.895
9640.000 6.544
9650.000 7.676
9660.000 10.696
9670.000 11.464
9680.000 10.118
9690.000 6.997
9700.000 5.848
9710.000 4.347
9720.000 3.488
9730.000 3.148
9740.000 2.684
9750.000 2.490
9760.000 2.187
9770.000 1.964
9780.000 1.870
9790.000 1.730
9800.000 1.663
9810.000 1.565
9820.000 1.478
9830.000 1.442
9840.000 1.401
9850.000 1.356
9860.000 1.323
9870.000 1.299
9880.000 1.275
9890.000 1.268
9900.000 1.258
9910.000 1.262
9920.000 1.264
9930.000 1.286
9940.000 1.311
9950.000 1.359
9960.000 1.390
9970.000 1.431
9980.000 1.472
9990.000 1.551
10000.000 1.655
10010.000 1.725
10020.000 1.795
10030.000 1.970
10040.000 2.200
10050.000 2.338
10060.000 2.706
10070.000 3.229
10080.000 3.583
10090.000 4.585
10100.000 5.281
10110.000 7.242
10120.000 9.739
10130.000 10.399
10140.000 8.066
10150.000 5.404
10160.000 4.579
10170.000 3.980
10180.000 3.141
10190.000 2.594
10200.000 2.390
10210.000 2.083
10220.000 1.848
10230.000 1.762
10240.000 1.600
10250.000 1.540
10260.000 1.438
10270.000 1.381
10280.000 1.303
10290.000 1.244
10300.000 1.191
10310.000 1.182
10320.000 1.151
10330.000 1.136
10340.000 1.122
10350.000 1.104
10360.000 1.110
10370.000 1.103
10380.000 1.101
10390.000 1.118
10400.000 1.134
10410.000 1.165
10420.000 1.207
10430.000 1.232
10440.000 1.295
10450.000 1.314
10460.000 1.403
10470.000 1.443
10480.000 1.583
10490.000 1.749
10500.000 1.851
10510.000 2.119
10520.000 2.471
10530.000 2.726
10540.000 3.427
10550.000 3.876
10560.000 5.225
10570.000 6.124
10580.000 8.274
10590.000 9.004
10600.000 7.945
10610.000 5.372
10620.000 4.516
10630.000 3.419
10640.000 2.746
10650.000 2.527
10660.000 2.150
10670.000 1.875
10680.000 1.760
10690.000 1.577
10700.000 1.514
10710.000 1.395
10720.000 1.295
10730.000 1.246
10740.000 1.197
10750.000 1.154
10760.000 1.112
10770.000 1.068
10780.000 1.061
10790.000 1.032
10800.000 1.031
10810.000 0.994
10820.000 1.005
10830.000 1.035
10840.000 1.047
10850.000 1.055
10860.000 1.080
10870.000 1.101
10880.000 1.113
10890.000 1.167
10900.000 1.187
10910.000 1.252
10920.000 1.288
10930.000 1.377
10940.000 1.502
10950.000 1.591
10960.000 1.758
10970.000 1.891
10980.000 2.216
10990.000 2.403
11000.000 2.950
11010.000 3.776
11020.000 4.330
11030.000 5.886
11040.000 7.561
11050.000 7.752
11060.000 5.901
11070.000 4.904
11080.000 3.512
11090.000 2.710
11100.000 2.438
11110.000 2.026
11120.000 1.859
11130.000 1.633
11140.000 1.483
11150.000 1.434
11160.000 1.341
11170.000 1.238
11180.000 1.183
11190.000 1.114
11200.000 1.082
11210.000 1.035
11220.000 1.011
11230.000 0.971
11240.000 0.940
11250.000 0.937
11260.000 0.927
11270.000 0.920
11280.000 0.918
11290.000 0.911
11300.000 0.914
11310.000 0.931
11320.000 0.942
11330.000 0.967
11340.000 0.988
11350.000 1.029
11360.000 1.074
11370.000 1.117
11380.000 1.179
11390.000 1.276
11400.000 1.329
11410.000 1.471
11420.000 1.672
11430.000 1.775
11440.000 1.929
11450.000 2.278
11460.000 2.884
11470.000 3.267
11480.000 4.308
11490.000 5.009
11500.000 6.411
11510.000 6.233
11520.000 4.391
11530.000 3.667
11540.000 2.761
11550.000 2.457
11560.000 2.005
11570.000 1.810
11580.000 1.561
11590.000 1.461
11600.000 1.299
11610.000 1.177
11620.000 1.126
11630.000 1.043
11640.000 1.009
11650.000 0.954
11660.000 0.905
11670.000 0.882
11680.000 0.856
11690.000 0.828
11700.000 0.816
11710.000 0.797
11720.000 0.792
11730.000 0.784
11740.000 0.777
11750.000 0.788
11760.000 0.805
11770.000 0.809
11780.000 0.823
11790.000 0.840
11800.000 0.877
11810.000 0.908
11820.000 0.932
11830.000 0.975
11840.000 1.005
11850.000 1.079
11860.000 1.180
11870.000 1.223
11880.000 1.369
11890.000 1.571
11900.000 1.693
11910.000 2.010
11920.000 2.229
11930.000 2.822
11940.000 3.283
11950.000 4.372
11960.000 5.441
11970.000 5.569
11980.000 4.437
11990.000 3.147
12000.000 2.715
