110.000 0.375
120.000 0.473
130.000 0.510
140.000 0.682
150.000 0.671
160.000 1.053
170.000 0.625
180.000 0.782
190.000 0.962
200.000 1.056
210.000 1.645
220.000 1.658
230.000 1.684
240.000 2.619
250.000 2.819
260.000 4.890
270.000 4.096
280.000 3.551
290.000 3.426
300.000 3.312
310.000 4.523
320.000 3.809
330.000 6.206
340.000 5.377
350.000 8.942
360.000 9.253
370.000 12.298
380.000 23.500
390.000 41.713
400.000 49.590
410.000 33.454
420.000 28.083
430.000 20.373
440.000 17.458
450.000 19.043
460.000 16.371
470.000 14.577
480.000 13.960
490.000 13.079
500.000 11.183
510.000 10.283
520.000 9.044
530.000 8.593
540.000 6.940
550.000 6.645
560.000 5.955
570.000 5.675
580.000 5.187
590.000 4.737
600.000 4.611
610.000 4.264
620.000 4.101
630.000 3.948
640.000 3.890
650.000 3.840
660.000 3.835
670.000 3.877
680.000 4.014
690.000 4.071
700.000 4.323
710.000 4.823
720.000 5.025
730.000 5.753
740.000 7.406
750.000 8.629
760.000 13.869
770.000 16.844
780.000 26.538
790.000 11.095
800.000 8.279
810.000 5.093
820.000 4.175
830.000 3.080
840.000 2.270
850.000 2.105
860.000 1.672
870.000 1.555
880.000 1.298
890.000 1.145
900.000 1.056
910.000 0.889
920.000 0.832
930.000 0.778
940.000 0.637
950.000 0.625
960.000 0.618
970.000 0.731
980.000 0.673
990.000 0.681
1000.000 0.672
1010.000 0.648
1020.000 0.691
1030.000 0.675
1040.000 0.626
1050.000 0.647
1060.000 0.770
1070.000 0.765
1080.000 0.945
1090.000 0.941
1100.000 1.234
1110.000 1.587
1120.000 1.791
1130.000 2.687
1140.000 3.372
1150.000 5.991
1160.000 8.887
1170.000 7.441
1180.000 3.675
1190.000 2.933
1200.000 1.950
1210.000 1.719
1220.000 1.588
1230.000 1.456
1240.000 1.369
1250.000 1.319
1260.000 1.286
1270.000 1.221
1280.000 1.130
1290.000 1.195
1300.000 1.165
1310.000 1.161
1320.000 1.196
1330.000 1.164
1340.000 1.193
1350.000 1.336
1360.000 1.359
1370.000 1.345
1380.000 1.495
1390.000 1.488
1400.000 1.617
1410.000 1.790
1420.000 1.876
1430.000 2.112
1440.000 2.261
1450.000 2.697
1460.000 3.072
1470.000 3.472
1480.000 4.134
1490.000 4.787
1500.000 6.456
1510.000 9.268
1520.000 11.830
1530.000 19.577
1540.000 23.635
1550.000 18.300
1560.000 9.979
1570.000 8.209
1580.000 6.237
1590.000 5.681
1600.000 4.604
1610.000 4.120
1620.000 3.940
1630.000 3.602
1640.000 3.458
1650.000 3.233
1660.000 3.046
1670.000 2.894
1680.000 2.758
1690.000 2.709
1700.000 2.558
1710.000 2.457
1720.000 2.388
1730.000 2.225
1740.000 2.170
1750.000 2.090
1760.000 2.164
1770.000 2.311
1780.000 2.723
1790.000 3.003
1800.000 3.727
1810.000 4.605
1820.000 5.127
1830.000 6.298
1840.000 6.944
1850.000 8.683
1860.000 10.996
1870.000 12.540
1880.000 16.754
1890.000 19.613
1900.000 28.046
1910.000 38.019
1920.000 40.750
1930.000 33.683
1940.000 27.645
1950.000 20.471
1960.000 16.216
1970.000 14.664
1980.000 12.658
1990.000 11.913
2000.000 10.671
2010.000 9.606
2020.000 9.249
2030.000 8.675
2040.000 8.358
2050.000 8.030
2060.000 7.666
2070.000 7.623
2080.000 7.357
2090.000 7.202
2100.000 7.110
2110.000 7.032
2120.000 7.031
2130.000 7.043
2140.000 7.037
2150.000 7.152
2160.000 7.280
2170.000 7.391
2180.000 7.620
2190.000 7.793
2200.000 8.168
2210.000 8.628
2220.000 9.039
2230.000 9.901
2240.000 10.431
2250.000 11.926
2260.000 12.852
2270.000 15.277
2280.000 19.058
2290.000 21.673
2300.000 28.569
2310.000 32.460
2320.000 36.047
2330.000 27.913
2340.000 23.004
2350.000 16.483
2360.000 14.349
2370.000 11.307
2380.000 9.317
2390.000 8.554
2400.000 7.406
2410.000 6.939
2420.000 6.195
2430.000 5.620
2440.000 5.393
2450.000 5.020
2460.000 4.863
2470.000 4.605
2480.000 4.407
2490.000 4.315
2500.000 4.206
2510.000 4.187
2520.000 4.118
2530.000 4.117
2540.000 4.120
2550.000 4.218
2560.000 4.263
2570.000 4.417
2580.000 4.656
2590.000 4.792
2600.000 5.160
2610.000 5.407
2620.000 6.019
2630.000 6.872
2640.000 7.461
2650.000 9.028
2660.000 10.183
2670.000 13.632
2680.000 19.905
2690.000 24.499
2700.000 32.319
2710.000 29.387
2720.000 16.010
2730.000 10.761
2740.000 9.184
2750.000 7.159
2760.000 6.427
2770.000 5.375
2780.000 4.648
2790.000 4.376
2800.000 3.924
2810.000 3.748
2820.000 3.452
2830.000 3.217
2840.000 3.114
2850.000 2.950
2860.000 2.908
2870.000 2.812
2880.000 2.768
2890.000 2.718
2900.000 2.737
2910.000 2.735
2920.000 2.766
2930.000 2.820
2940.000 2.863
2950.000 2.985
2960.000 3.103
2970.000 3.296
2980.000 3.530
2990.000 3.726
3000.000 4.198
3010.000 4.454
3020.000 5.259
3030.000 6.453
3040.000 7.265
3050.000 9.841
3060.000 12.078
3070.000 18.832
3080.000 25.634
3090.000 22.603
3100.000 11.377
3110.000 9.128
3120.000 6.647
3130.000 5.216
3140.000 4.688
3150.000 3.916
3160.000 3.635
3170.000 3.219
3180.000 2.870
3190.000 2.738
3200.000 2.531
3210.000 2.454
3220.000 2.320
3230.000 2.196
3240.000 2.179
3250.000 2.105
3260.000 2.090
3270.000 2.072
3280.000 2.073
3290.000 2.068
3300.000 2.105
3310.000 2.133
3320.000 2.191
3330.000 2.301
3340.000 2.353
3350.000 2.528
3360.000 2.621
3370.000 2.896
3380.000 3.241
3390.000 3.471
3400.000 4.069
3410.000 4.472
3420.000 5.676
3430.000 7.724
3440.000 9.600
3450.000 15.181
3460.000 18.728
3470.000 18.808
3480.000 12.837
3490.000 7.500
3500.000 5.383
3510.000 4.698
3520.000 3.761
3530.000 3.455
3540.000 2.958
3550.000 2.626
3560.000 2.471
3570.000 2.248
3580.000 2.164
3590.000 2.010
3600.000 1.915
3610.000 1.869
3620.000 1.790
3630.000 1.760
3640.000 1.721
3650.000 1.719
3660.000 1.702
3670.000 1.717
3680.000 1.708
3690.000 1.752
3700.000 1.820
3710.000 1.863
3720.000 1.948
3730.000 2.019
3740.000 2.166
3750.000 2.377
3760.000 2.504
3770.000 2.858
3780.000 3.063
3790.000 3.665
3800.000 4.602
3810.000 5.281
3820.000 7.509
3830.000 9.266
3840.000 14.667
3850.000 16.374
3860.000 11.550
3870.000 6.412
3880.000 5.330
3890.000 3.956
3900.000 3.176
3910.000 2.896
3920.000 2.471
3930.000 2.320
3940.000 2.054
3950.000 1.856
3960.000 1.787
3970.000 1.658
3980.000 1.612
3990.000 1.534
4000.000 1.461
4010.000 1.442
4020.000 1.420
4030.000 1.403
4040.000 1.407
4050.000 1.402
4060.000 1.406
4070.000 1.431
4080.000 1.450
4090.000 1.507
4100.000 1.584
4110.000 1.645
4120.000 1.768
4130.000 1.826
4140.000 2.035
4150.000 2.314
4160.000 2.496
4170.000 2.994
4180.000 3.333
4190.000 4.306
4200.000 6.079
4210.000 7.537
4220.000 11.796
4230.000 13.634
4240.000 9.880
4250.000 5.441
4260.000 4.501
4270.000 3.362
4280.000 2.979
4290.000 2.441
4300.000 2.070
4310.000 1.941
4320.000 1.701
4330.000 1.617
4340.000 1.433
4350.000 1.304
4360.000 1.246
4370.000 1.144
4380.000 1.127
4390.000 1.097
4400.000 1.067
4410.000 1.087
4420.000 1.078
4430.000 1.089
4440.000 1.113
4450.000 1.127
4460.000 1.164
4470.000 1.216
4480.000 1.254
4490.000 1.344
4500.000 1.457
4510.000 1.540
4520.000 1.707
4530.000 1.832
4540.000 2.132
4550.000 2.587
4560.000 2.880
4570.000 3.758
4580.000 4.429
4590.000 6.649
4600.000 10.459
4610.000 12.235
4620.000 9.032
4630.000 6.589
4640.000 4.491
4650.000 3.911
4660.000 3.131
4670.000 2.669
4680.000 2.507
4690.000 2.263
4700.000 2.161
4710.000 2.020
4720.000 1.918
4730.000 1.876
4740.000 1.817
4750.000 1.780
4760.000 1.745
4770.000 1.709
4780.000 1.702
4790.000 1.669
4800.000 1.655
4810.000 1.620
4820.000 1.586
4830.000 1.579
4840.000 1.549
4850.000 1.522
4860.000 1.496
4870.000 1.513
4880.000 1.533
4890.000 1.579
4900.000 1.640
4910.000 1.789
4920.000 2.082
4930.000 2.279
4940.000 2.912
4950.000 3.383
4960.000 4.891
4970.000 7.654
4980.000 9.894
4990.000 15.721
5000.000 17.094
5010.000 11.551
5020.000 8.227
5030.000 7.312
5040.000 6.207
5050.000 5.828
5060.000 5.311
5070.000 4.974
5080.000 4.851
5090.000 4.652
5100.000 4.569
5110.000 4.458
5120.000 4.336
5130.000 4.309
5140.000 4.203
5150.000 4.150
5160.000 4.056
5170.000 3.909
5180.000 3.813
5190.000 3.531
5200.000 3.361
5210.000 3.448
5220.000 3.617
5230.000 3.962
5240.000 4.318
5250.000 4.501
5260.000 4.878
5270.000 5.088
5280.000 5.556
5290.000 6.171
5300.000 6.555
5310.000 7.520
5320.000 8.186
5330.000 9.919
5340.000 12.853
5350.000 15.112
5360.000 22.014
5370.000 27.011
5380.000 36.224
5390.000 24.964
5400.000 18.473
5410.000 12.279
5420.000 10.628
5430.000 8.203
5440.000 6.692
5450.000 6.136
5460.000 5.274
5470.000 4.937
5480.000 4.418
5490.000 4.011
5500.000 3.842
5510.000 3.577
5520.000 3.473
5530.000 3.298
5540.000 3.185
5550.000 3.128
5560.000 3.051
5570.000 3.040
5580.000 3.009
5590.000 3.041
5600.000 3.062
5610.000 3.145
5620.000 3.175
5630.000 3.302
5640.000 3.487
5650.000 3.604
5660.000 3.897
5670.000 4.052
5680.000 4.515
5690.000 5.169
5700.000 5.592
5710.000 6.815
5720.000 7.635
5730.000 10.165
5740.000 14.684
5750.000 18.085
5760.000 25.048
5770.000 24.527
5780.000 13.932
5790.000 9.153
5800.000 7.796
5810.000 5.954
5820.000 5.360
5830.000 4.513
5840.000 3.913
5850.000 3.690
5860.000 3.320
5870.000 3.166
5880.000 2.937
5890.000 2.755
5900.000 2.686
5910.000 2.565
5920.000 2.524
5930.000 2.442
5940.000 2.410
5950.000 2.389
5960.000 2.383
5970.000 2.394
5980.000 2.437
5990.000 2.500
6000.000 2.553
6010.000 2.668
6020.000 2.733
6030.000 2.911
6040.000 3.160
6050.000 3.325
6060.000 3.707
6070.000 3.951
6080.000 4.614
6090.000 5.591
6100.000 6.266
6110.000 8.294
6120.000 9.874
6130.000 14.525
6140.000 20.873
6150.000 21.464
6160.000 12.937
6170.000 10.095
6180.000 7.017
6190.000 5.396
6200.000 4.853
6210.000 4.050
6220.000 3.739
6230.000 3.304
6240.000 2.973
6250.000 2.827
6260.000 2.619
6270.000 2.531
6280.000 2.391
6290.000 2.290
6300.000 2.251
6310.000 2.190
6320.000 2.164
6330.000 2.153
6340.000 2.147
6350.000 2.145
6360.000 2.190
6370.000 2.219
6380.000 2.272
6390.000 2.386
6400.000 2.463
6410.000 2.629
6420.000 2.742
6430.000 3.006
6440.000 3.164
6450.000 3.588
6460.000 4.189
6470.000 4.589
6480.000 5.659
6490.000 6.460
6500.000 8.868
6510.000 13.147
6520.000 16.172
6530.000 19.638
6540.000 16.642
6550.000 9.522
6560.000 6.635
6570.000 5.778
6580.000 4.645
6590.000 4.212
6600.000 3.607
6610.000 3.140
6620.000 2.979
6630.000 2.720
6640.000 2.599
6650.000 2.408
6660.000 2.269
6670.000 2.235
6680.000 2.150
6690.000 2.124
6700.000 2.082
6710.000 2.039
6720.000 2.051
6730.000 2.071
6740.000 2.074
6750.000 2.115
6760.000 2.205
6770.000 2.225
6780.000 2.345
6790.000 2.420
6800.000 2.620
6810.000 2.861
6820.000 3.010
6830.000 3.398
6840.000 3.652
6850.000 4.310
6860.000 5.318
6870.000 6.046
6880.000 8.151
6890.000 9.990
6900.000 14.829
6910.000 18.133
6920.000 15.666
6930.000 9.127
6940.000 7.500
6950.000 5.533
6960.000 4.434
6970.000 4.035
6980.000 3.437
6990.000 3.207
7000.000 2.828
7010.000 2.565
7020.000 2.456
7030.000 2.299
7040.000 2.229
7050.000 2.108
7060.000 2.024
7070.000 1.996
7080.000 1.943
7090.000 1.942
7100.000 1.932
7110.000 1.943
7120.000 1.943
7130.000 1.978
7140.000 2.004
7150.000 2.078
7160.000 2.173
7170.000 2.251
7180.000 2.413
7190.000 2.516
7200.000 2.752
7210.000 3.093
7220.000 3.300
7230.000 3.884
7240.000 4.257
7250.000 5.309
7260.000 7.118
7270.000 8.458
7280.000 12.497
7290.000 14.970
7300.000 15.956
7310.000 9.496
7320.000 7.679
7330.000 5.505
7340.000 4.864
7350.000 3.913
7360.000 3.285
7370.000 3.066
7380.000 2.701
7390.000 2.553
7400.000 2.327
7410.000 2.152
7420.000 2.080
7430.000 1.966
7440.000 1.921
7450.000 1.850
7460.000 1.773
7470.000 1.762
7480.000 1.744
7490.000 1.802
7500.000 1.965
7510.000 2.040
7520.000 2.080
7530.000 2.145
7540.000 2.195
7550.000 2.285
7560.000 2.446
7570.000 2.518
7580.000 2.753
7590.000 2.918
7600.000 3.317
7610.000 3.578
7620.000 4.263
7630.000 5.276
7640.000 6.028
7650.000 8.252
7660.000 9.933
7670.000 14.424
7680.000 15.789
7690.000 12.812
7700.000 7.860
7710.000 6.573
7720.000 4.935
7730.000 3.972
7740.000 3.608
7750.000 3.116
7760.000 2.910
7770.000 2.595
7780.000 2.363
7790.000 2.281
7800.000 2.129
7810.000 2.061
7820.000 1.967
7830.000 1.898
7840.000 1.883
7850.000 1.857
7860.000 1.842
7870.000 1.826
7880.000 1.837
7890.000 1.853
7900.000 1.902
7910.000 1.926
7920.000 2.034
7930.000 2.111
7940.000 2.125
7950.000 2.262
7960.000 2.392
7970.000 2.731
7980.000 3.042
7990.000 3.203
8000.000 3.782
8010.000 4.187
8020.000 5.302
8030.000 7.280
8040.000 8.710
8050.000 12.540
8060.000 14.295
8070.000 12.459
8080.000 7.696
8090.000 6.484
8100.000 5.150
8110.000 4.519
8120.000 3.677
8130.000 3.113
8140.000 2.919
8150.000 2.589
8160.000 2.474
8170.000 2.291
8180.000 2.091
8190.000 2.012
8200.000 1.898
8210.000 1.854
8220.000 1.800
8230.000 1.751
8240.000 1.723
8250.000 1.704
8260.000 1.705
8270.000 1.787
8280.000 1.828
8290.000 1.853
8300.000 1.922
8310.000 1.994
8320.000 2.093
8330.000 2.263
8340.000 2.357
8350.000 2.589
8360.000 2.755
8370.000 3.137
8380.000 3.640
8390.000 3.979
8400.000 4.914
8410.000 5.664
8420.000 7.735
8430.000 11.292
8440.000 13.295
8450.000 13.248
8460.000 10.513
8470.000 6.783
8480.000 4.942
8490.000 4.382
8500.000 3.586
8510.000 3.283
8520.000 2.815
8530.000 2.445
8540.000 2.319
8550.000 2.121
8560.000 2.035
8570.000 1.913
8580.000 1.820
8590.000 1.773
8600.000 1.705
8610.000 1.694
8620.000 1.661
8630.000 1.657
8640.000 1.627
8650.000 1.653
8660.000 1.677
8670.000 1.760
8680.000 1.822
8690.000 1.866
8700.000 1.969
8710.000 2.026
8720.000 2.187
8730.000 2.396
8740.000 2.533
8750.000 2.889
8760.000 3.100
8770.000 3.669
8780.000 4.552
8790.000 5.228
8800.000 7.089
8810.000 8.335
8820.000 11.435
8830.000 12.579
8840.000 10.931
8850.000 6.931
8860.000 5.805
8870.000 4.343
8880.000 3.884
8890.000 3.188
8900.000 2.741
8910.000 2.562
8920.000 2.282
8930.000 2.163
8940.000 1.989
8950.000 1.869
8960.000 1.823
8970.000 1.748
8980.000 1.709
8990.000 1.650
9000.000 1.588
9010.000 1.573
9020.000 1.566
9030.000 1.584
9040.000 1.603
9050.000 1.629
9060.000 1.663
9070.000 1.732
9080.000 1.776
9090.000 1.887
9100.000 2.037
9110.000 2.127
9120.000 2.367
9130.000 2.524
9140.000 2.897
9150.000 3.452
9160.000 3.814
9170.000 4.862
9180.000 5.653
9190.000 7.911
9200.000 10.940
9210.000 11.804
9220.000 9.198
9230.000 7.301
9240.000 5.041
9250.000 3.900
9260.000 3.490
9270.000 2.894
9280.000 2.660
9290.000 2.309
9300.000 2.061
9310.000 1.971
9320.000 1.808
9330.000 1.733
9340.000 1.628
9350.000 1.552
9360.000 1.513
9370.000 1.466
9380.000 1.463
9390.000 1.448
9400.000 1.458
9410.000 1.448
9420.000 1.462
9430.000 1.479
9440.000 1.512
9450.000 1.569
9460.000 1.613
9470.000 1.710
9480.000 1.758
9490.000 1.901
9500.000 2.100
9510.000 2.234
9520.000 2.563
9530.000 2.776
9540.000 3.322
9550.000 4.172
9560.000 4.787
9570.000 6.596
9580.000 7.875
9590.000 10.377
9600.000 9.471
9610.000 7.604
9620.000 5.186
9630.000 4.412
9640.000 3.407
9650.000 2.771
9660.000 2.564
9670.000 2.213
9680.000 2.073
9690.000 1.852
9700.000 1.695
9710.000 1.630
9720.000 1.535
9730.000 1.497
9740.000 1.415
9750.000 1.371
9760.000 1.351
9770.000 1.336
9780.000 1.333
9790.000 1.319
9800.000 1.306
9810.000 1.306
9820.000 1.352
9830.000 1.367
9840.000 1.426
9850.000 1.511
9860.000 1.538
9870.000 1.661
9880.000 1.745
9890.000 1.934
9900.000 2.191
9910.000 2.372
9920.000 2.839
9930.000 3.150
9940.000 4.022
9950.000 5.440
9960.000 6.449
9970.000 8.880
9980.000 9.367
9990.000 7.113
10000.000 5.706
10010.000 4.011
10020.000 3.082
10030.000 2.776
10040.000 2.291
10050.000 2.098
10060.000 1.832
10070.000 1.647
10080.000 1.579
10090.000 1.451
10100.000 1.400
10110.000 1.314
10120.000 1.254
10130.000 1.227
10140.000 1.194
10150.000 1.175
10160.000 1.172
10170.000 1.170
10180.000 1.178
10190.000 1.189
10200.000 1.215
10210.000 1.248
10220.000 1.310
10230.000 1.326
10240.000 1.417
10250.000 1.464
10260.000 1.617
10270.000 1.791
10280.000 1.916
10290.000 2.198
10300.000 2.380
10310.000 2.880
10320.000 3.652
10330.000 4.217
10340.000 5.632
10350.000 6.674
10360.000 8.246
10370.000 6.686
10380.000 5.370
10390.000 3.742
10400.000 3.174
10410.000 2.520
10420.000 2.082
10430.000 1.930
10440.000 1.678
10450.000 1.589
10460.000 1.419
10470.000 1.313
10480.000 1.266
10490.000 1.181
10500.000 1.137
10510.000 1.099
10520.000 1.105
10530.000 1.096
10540.000 1.100
10550.000 1.070
10560.000 1.079
10570.000 1.081
10580.000 1.089
10590.000 1.123
10600.000 1.143
10610.000 1.186
10620.000 1.279
10630.000 1.317
10640.000 1.435
10650.000 1.503
10660.000 1.683
10670.000 1.939
10680.000 2.106
10690.000 2.527
10700.000 2.813
10710.000 3.687
10720.000 5.029
10730.000 5.880
10740.000 7.107
10750.000 6.825
10760.000 4.725
10770.000 3.423
10780.000 3.085
10790.000 2.551
10800.000 2.313
10810.000 1.911
10820.000 1.655
10830.000 1.549
10840.000 1.400
10850.000 1.324
10860.000 1.229
10870.000 1.149
10880.000 1.119
10890.000 1.062
10900.000 1.047
10910.000 1.017
10920.000 1.000
10930.000 0.992
10940.000 0.993
10950.000 0.990
10960.000 1.016
10970.000 1.035
10980.000 1.058
10990.000 1.110
11000.000 1.138
11010.000 1.222
11020.000 1.311
11030.000 1.369
11040.000 1.506
11050.000 1.590
11060.000 1.835
11070.000 2.168
11080.000 2.414
11090.000 3.090
11100.000 3.645
11110.000 5.004
11120.000 6.407
11130.000 6.553
11140.000 4.907
11150.000 4.040
11160.000 2.868
11170.000 2.524
11180.000 2.015
11190.000 1.695
11200.000 1.579
11210.000 1.389
11220.000 1.307
11230.000 1.192
11240.000 1.103
11250.000 1.071
11260.000 1.001
11270.000 0.988
11280.000 0.949
11290.000 0.927
11300.000 0.920
11310.000 0.897
11320.000 0.899
11330.000 0.911
11340.000 0.918
11350.000 0.924
11360.000 0.954
11370.000 0.972
11380.000 1.032
11390.000 1.094
11400.000 1.142
11410.000 1.242
11420.000 1.304
11430.000 1.478
11440.000 1.705
11450.000 1.869
11460.000 2.305
11470.000 2.573
11480.000 3.341
11490.000 4.473
11500.000 5.138
11510.000 5.574
11520.000 4.984
11530.000 3.465
11540.000 2.535
11550.000 2.231
11560.000 1.775
11570.000 1.625
11580.000 1.389
11590.000 1.219
11600.000 1.152
11610.000 1.040
11620.000 1.008
11630.000 0.936
11640.000 0.881
11650.000 0.855
11660.000 0.821
11670.000 0.810
11680.000 0.799
11690.000 0.783
11700.000 0.781
11710.000 0.800
11720.000 0.790
11730.000 0.798
11740.000 0.824
11750.000 0.848
11760.000 0.890
11770.000 0.918
11780.000 0.978
11790.000 1.022
11800.000 1.122
11810.000 1.252
11820.000 1.345
11830.000 1.568
11840.000 1.718
11850.000 2.106
11860.000 2.704
11870.000 3.103
11880.000 4.092
11890.000 4.593
11900.000 4.772
11910.000 3.498
11920.000 2.920
11930.000 2.160
11940.000 1.923
11950.000 1.562
11960.000 1.328
11970.000 1.230
11980.000 1.090
11990.000 1.031
12000.000 0.942
