110.000 0.359
120.000 0.928
130.000 0.910
140.000 1.015
150.000 1.077
160.000 1.379
170.000 0.893
180.000 1.809
190.000 1.859
200.000 2.194
210.000 2.019
220.000 1.547
230.000 1.878
240.000 2.428
250.000 1.573
260.000 1.891
270.000 1.801
280.000 2.006
290.000 2.239
300.000 2.571
310.000 2.123
320.000 2.548
330.000 2.730
340.000 2.733
350.000 3.292
360.000 4.095
370.000 5.888
380.000 4.201
390.000 4.108
400.000 4.928
410.000 5.100
420.000 5.426
430.000 5.901
440.000 7.164
450.000 7.788
460.000 7.950
470.000 8.381
480.000 8.722
490.000 8.955
500.000 9.095
510.000 8.972
520.000 8.137
530.000 8.150
540.000 8.135
550.000 7.829
560.000 7.535
570.000 7.261
580.000 6.962
590.000 6.683
600.000 6.466
610.000 6.303
620.000 6.366
630.000 6.390
640.000 6.224
650.000 6.213
660.000 6.436
670.000 6.523
680.000 6.783
690.000 7.007
700.000 7.863
710.000 8.216
720.000 9.526
730.000 9.796
740.000 11.747
750.000 16.066
760.000 20.330
770.000 28.903
780.000 33.376
790.000 27.752
800.000 13.623
810.000 10.921
820.000 7.265
830.000 5.365
840.000 4.604
850.000 4.202
860.000 3.365
870.000 2.731
880.000 2.290
890.000 2.021
900.000 1.892
910.000 1.657
920.000 1.345
930.000 1.252
940.000 1.065
950.000 0.948
960.000 0.830
970.000 0.876
980.000 0.833
990.000 0.800
1000.000 0.751
1010.000 0.666
1020.000 0.661
1030.000 0.604
1040.000 0.588
1050.000 0.574
1060.000 0.552
1070.000 0.546
1080.000 0.528
1090.000 0.529
1100.000 0.519
1110.000 0.562
1120.000 0.574
1130.000 0.561
1140.000 0.573
1150.000 0.634
1160.000 0.641
1170.000 0.654
1180.000 0.701
1190.000 0.711
1200.000 0.718
1210.000 0.787
1220.000 0.842
1230.000 0.907
1240.000 0.925
1250.000 0.955
1260.000 1.040
1270.000 1.089
1280.000 1.180
1290.000 1.241
1300.000 1.287
1310.000 1.405
1320.000 1.493
1330.000 1.521
1340.000 1.653
1350.000 1.802
1360.000 2.000
1370.000 2.226
1380.000 2.371
1390.000 2.566
1400.000 2.762
1410.000 3.147
1420.000 3.581
1430.000 3.847
1440.000 4.509
1450.000 4.871
1460.000 5.777
1470.000 7.209
1480.000 8.050
1490.000 10.512
1500.000 12.507
1510.000 17.785
1520.000 25.950
1530.000 30.465
1540.000 30.144
1550.000 19.652
1560.000 16.553
1570.000 12.507
1580.000 11.085
1590.000 9.353
1600.000 8.500
1610.000 7.375
1620.000 6.541
1630.000 6.234
1640.000 5.630
1650.000 5.105
1660.000 4.883
1670.000 4.526
1680.000 4.338
1690.000 4.007
1700.000 3.642
1710.000 3.495
1720.000 3.181
1730.000 3.029
1740.000 2.903
1750.000 2.657
1760.000 2.609
1770.000 2.757
1780.000 2.897
1790.000 3.228
1800.000 3.637
1810.000 3.800
1820.000 4.143
1830.000 4.333
1840.000 4.579
1850.000 4.728
1860.000 4.973
1870.000 5.170
1880.000 5.290
1890.000 5.490
1900.000 5.706
1910.000 5.743
1920.000 5.830
1930.000 6.039
1940.000 6.187
1950.000 6.351
1960.000 6.467
1970.000 6.585
1980.000 6.823
1990.000 7.111
2000.000 7.299
2010.000 7.417
2020.000 7.515
2030.000 7.742
2040.000 7.976
2050.000 8.100
2060.000 8.389
2070.000 8.535
2080.000 8.813
2090.000 9.124
2100.000 9.451
2110.000 9.635
2120.000 9.779
2130.000 10.203
2140.000 10.660
2150.000 11.150
2160.000 11.373
2170.000 11.628
2180.000 12.337
2190.000 13.112
2200.000 13.568
2210.000 14.575
2220.000 15.097
2230.000 16.519
2240.000 18.233
2250.000 20.473
2260.000 21.780
2270.000 23.320
2280.000 27.054
2290.000 32.064
2300.000 37.793
2310.000 40.688
2320.000 43.050
2330.000 43.901
2340.000 38.572
2350.000 30.969
2360.000 27.599
2370.000 24.678
2380.000 20.112
2390.000 16.743
2400.000 15.377
2410.000 13.193
2420.000 12.317
2430.000 10.805
2440.000 9.652
2450.000 9.140
2460.000 8.212
2470.000 7.828
2480.000 7.166
2490.000 6.614
2500.000 6.364
2510.000 5.917
2520.000 5.726
2530.000 5.365
2540.000 5.075
2550.000 4.938
2560.000 4.695
2570.000 4.471
2580.000 4.357
2590.000 4.185
2600.000 4.107
2610.000 3.941
2620.000 3.870
2630.000 3.753
2640.000 3.638
2650.000 3.591
2660.000 3.500
2670.000 3.433
2680.000 3.393
2690.000 3.354
2700.000 3.315
2710.000 3.280
2720.000 3.259
2730.000 3.242
2740.000 3.216
2750.000 3.207
2760.000 3.206
2770.000 3.204
2780.000 3.204
2790.000 3.215
2800.000 3.245
2810.000 3.276
2820.000 3.324
2830.000 3.356
2840.000 3.416
2850.000 3.456
2860.000 3.544
2870.000 3.651
2880.000 3.715
2890.000 3.825
2900.000 3.931
2910.000 4.123
2920.000 4.324
2930.000 4.469
2940.000 4.768
2950.000 4.937
2960.000 5.340
2970.000 5.581
2980.000 6.117
2990.000 6.844
3000.000 7.250
3010.000 8.339
3020.000 9.874
3030.000 10.877
3040.000 13.698
3050.000 15.678
3060.000 22.114
3070.000 32.000
3080.000 37.275
3090.000 39.245
3100.000 27.272
3110.000 17.359
3120.000 12.580
3130.000 11.036
3140.000 9.784
3150.000 8.006
3160.000 6.764
3170.000 6.288
3180.000 5.496
3190.000 5.169
3200.000 4.604
3210.000 4.190
3220.000 3.852
3230.000 3.682
3240.000 3.559
3250.000 3.308
3260.000 3.081
3270.000 2.992
3280.000 2.816
3290.000 2.748
3300.000 2.601
3310.000 2.490
3320.000 2.425
3330.000 2.354
3340.000 2.259
3350.000 2.218
3360.000 2.159
3370.000 2.119
3380.000 2.067
3390.000 2.024
3400.000 2.009
3410.000 1.960
3420.000 1.949
3430.000 1.922
3440.000 1.906
3450.000 1.882
3460.000 1.880
3470.000 1.851
3480.000 1.879
3490.000 1.868
3500.000 1.869
3510.000 1.879
3520.000 1.893
3530.000 1.895
3540.000 1.908
3550.000 1.917
3560.000 1.952
3570.000 1.965
3580.000 1.984
3590.000 2.054
3600.000 2.072
3610.000 2.121
3620.000 2.188
3630.000 2.250
3640.000 2.277
3650.000 2.378
3660.000 2.489
3670.000 2.556
3680.000 2.698
3690.000 2.786
3700.000 2.980
3710.000 3.207
3720.000 3.315
3730.000 3.646
3740.000 4.025
3750.000 4.250
3760.000 4.826
3770.000 5.191
3780.000 6.081
3790.000 7.456
3800.000 8.364
3810.000 11.024
3820.000 13.038
3830.000 19.225
3840.000 23.487
3850.000 28.523
3860.000 17.779
3870.000 13.787
3880.000 9.498
3890.000 7.225
3900.000 6.420
3910.000 5.311
3920.000 4.874
3930.000 4.185
3940.000 3.906
3950.000 3.439
3960.000 3.094
3970.000 2.944
3980.000 2.680
3990.000 2.564
4000.000 2.382
4010.000 2.219
4020.000 2.158
4030.000 2.011
4040.000 1.947
4050.000 1.851
4060.000 1.767
4070.000 1.708
4080.000 1.641
4090.000 1.608
4100.000 1.551
4110.000 1.508
4120.000 1.471
4130.000 1.436
4140.000 1.426
4150.000 1.384
4160.000 1.352
4170.000 1.334
4180.000 1.328
4190.000 1.299
4200.000 1.293
4210.000 1.268
4220.000 1.266
4230.000 1.271
4240.000 1.266
4250.000 1.269
4260.000 1.265
4270.000 1.264
4280.000 1.292
4290.000 1.277
4300.000 1.293
4310.000 1.317
4320.000 1.300
4330.000 1.325
4340.000 1.323
4350.000 1.314
4360.000 1.300
4370.000 1.312
4380.000 1.335
4390.000 1.371
4400.000 1.417
4410.000 1.452
4420.000 1.539
4430.000 1.636
4440.000 1.679
4450.000 1.819
4460.000 1.877
4470.000 2.020
4480.000 2.213
4490.000 2.323
4500.000 2.563
4510.000 2.891
4520.000 3.082
4530.000 3.590
4540.000 4.302
4550.000 4.752
4560.000 6.030
4570.000 6.926
4580.000 9.676
4590.000 11.728
4600.000 17.639
4610.000 20.417
4620.000 17.900
4630.000 10.811
4640.000 9.063
4650.000 6.921
4660.000 5.652
4670.000 5.202
4680.000 4.534
4690.000 4.064
4700.000 3.876
4710.000 3.713
4720.000 3.438
4730.000 3.216
4740.000 3.024
4750.000 2.946
4760.000 2.864
4770.000 2.692
4780.000 2.532
4790.000 2.370
4800.000 2.303
4810.000 2.217
4820.000 2.037
4830.000 1.884
4840.000 1.809
4850.000 1.632
4860.000 1.556
4870.000 1.422
4880.000 1.366
4890.000 1.262
4900.000 1.204
4910.000 1.183
4920.000 1.172
4930.000 1.190
4940.000 1.219
4950.000 1.295
4960.000 1.393
4970.000 1.458
4980.000 1.531
4990.000 1.682
5000.000 1.860
5010.000 1.965
5020.000 2.161
5030.000 2.388
5040.000 2.521
5050.000 2.761
5060.000 2.901
5070.000 3.175
5080.000 3.325
5090.000 3.619
5100.000 3.934
5110.000 4.100
5120.000 4.403
5130.000 4.559
5140.000 4.850
5150.000 5.174
5160.000 5.317
5170.000 5.627
5180.000 5.777
5190.000 6.094
5200.000 6.401
5210.000 6.750
5220.000 6.954
5230.000 7.352
5240.000 7.582
5250.000 8.085
5260.000 8.383
5270.000 9.055
5280.000 9.879
5290.000 10.411
5300.000 11.565
5310.000 13.019
5320.000 14.327
5330.000 16.174
5340.000 21.465
5350.000 29.980
5360.000 43.719
5370.000 51.843
5380.000 58.007
5390.000 48.906
5400.000 30.472
5410.000 25.272
5420.000 18.712
5430.000 16.507
5440.000 13.140
5450.000 10.993
5460.000 10.155
5470.000 8.787
5480.000 8.213
5490.000 7.297
5500.000 6.563
5510.000 6.245
5520.000 5.692
5530.000 5.229
5540.000 5.023
5550.000 4.680
5560.000 4.501
5570.000 4.252
5580.000 4.002
5590.000 3.888
5600.000 3.705
5610.000 3.601
5620.000 3.450
5630.000 3.314
5640.000 3.255
5650.000 3.144
5660.000 3.089
5670.000 2.998
5680.000 2.929
5690.000 2.875
5700.000 2.812
5710.000 2.793
5720.000 2.741
5730.000 2.722
5740.000 2.675
5750.000 2.665
5760.000 2.644
5770.000 2.622
5780.000 2.632
5790.000 2.631
5800.000 2.620
5810.000 2.627
5820.000 2.653
5830.000 2.640
5840.000 2.690
5850.000 2.715
5860.000 2.739
5870.000 2.790
5880.000 2.829
5890.000 2.896
5900.000 2.979
5910.000 3.057
5920.000 3.129
5930.000 3.182
5940.000 3.309
5950.000 3.458
5960.000 3.541
5970.000 3.720
5980.000 3.950
5990.000 4.092
6000.000 4.382
6010.000 4.754
6020.000 4.963
6030.000 5.512
6040.000 5.803
6050.000 6.161
6060.000 7.016
6070.000 8.162
6080.000 9.784
6090.000 10.869
6100.000 12.221
6110.000 16.382
6120.000 23.335
6130.000 28.235
6140.000 37.876
6150.000 31.224
6160.000 23.794
6170.000 15.745
6180.000 13.369
6190.000 10.309
6200.000 8.383
6210.000 7.720
6220.000 6.590
6230.000 5.738
6240.000 5.407
6250.000 5.104
6260.000 4.607
6270.000 4.205
6280.000 3.879
6290.000 3.725
6300.000 3.597
6310.000 3.361
6320.000 3.165
6330.000 3.078
6340.000 2.926
6350.000 2.788
6360.000 2.724
6370.000 2.613
6380.000 2.528
6390.000 2.484
6400.000 2.451
6410.000 2.375
6420.000 2.314
6430.000 2.269
6440.000 2.245
6450.000 2.222
6460.000 2.177
6470.000 2.154
6480.000 2.141
6490.000 2.114
6500.000 2.103
6510.000 2.100
6520.000 2.099
6530.000 2.085
6540.000 2.086
6550.000 2.110
6560.000 2.113
6570.000 2.133
6580.000 2.133
6590.000 2.173
6600.000 2.179
6610.000 2.203
6620.000 2.256
6630.000 2.282
6640.000 2.338
6650.000 2.362
6660.000 2.461
6670.000 2.521
6680.000 2.583
6690.000 2.687
6700.000 2.820
6710.000 2.879
6720.000 3.041
6730.000 3.122
6740.000 3.311
6750.000 3.561
6760.000 3.677
6770.000 3.991
6780.000 4.160
6790.000 4.592
6800.000 4.829
6810.000 5.421
6820.000 6.206
6830.000 6.677
6840.000 7.927
6850.000 8.744
6860.000 10.980
6870.000 14.542
6880.000 16.879
6890.000 24.287
6900.000 28.772
6910.000 31.870
6920.000 20.999
6930.000 16.873
6940.000 12.057
6950.000 10.547
6960.000 8.371
6970.000 6.946
6980.000 6.391
6990.000 5.544
7000.000 5.165
7010.000 4.614
7020.000 4.176
7030.000 3.974
7040.000 3.650
7050.000 3.507
7060.000 3.262
7070.000 3.061
7080.000 2.936
7090.000 2.776
7100.000 2.717
7110.000 2.577
7120.000 2.471
7130.000 2.410
7140.000 2.310
7150.000 2.255
7160.000 2.190
7170.000 2.111
7180.000 2.089
7190.000 2.036
7200.000 2.013
7210.000 1.972
7220.000 1.946
7230.000 1.922
7240.000 1.894
7250.000 1.865
7260.000 1.874
7270.000 1.869
7280.000 1.863
7290.000 1.852
7300.000 1.854
7310.000 1.858
7320.000 1.856
7330.000 1.863
7340.000 1.889
7350.000 1.895
7360.000 1.908
7370.000 1.946
7380.000 1.957
7390.000 1.992
7400.000 2.043
7410.000 2.050
7420.000 2.083
7430.000 2.129
7440.000 2.196
7450.000 2.247
7460.000 2.314
7470.000 2.333
7480.000 2.450
7490.000 2.676
7500.000 3.056
7510.000 3.216
7520.000 3.328
7530.000 3.589
7540.000 3.870
7550.000 4.200
7560.000 4.411
7570.000 4.639
7580.000 5.201
7590.000 5.953
7600.000 6.963
7610.000 7.607
7620.000 9.278
7630.000 10.447
7640.000 13.930
7650.000 19.709
7660.000 23.487
7670.000 28.975
7680.000 27.158
7690.000 17.610
7700.000 14.445
7710.000 10.499
7720.000 8.220
7730.000 7.409
7740.000 6.177
7750.000 5.331
7760.000 4.980
7770.000 4.697
7780.000 4.184
7790.000 3.801
7800.000 3.614
7810.000 3.319
7820.000 3.068
7830.000 2.960
7840.000 2.780
7850.000 2.693
7860.000 2.546
7870.000 2.431
7880.000 2.369
7890.000 2.275
7900.000 2.241
7910.000 2.159
7920.000 2.068
7930.000 2.054
7940.000 1.984
7950.000 1.968
7960.000 1.917
7970.000 1.892
7980.000 1.853
7990.000 1.846
8000.000 1.846
8010.000 1.812
8020.000 1.806
8030.000 1.790
8040.000 1.774
8050.000 1.766
8060.000 1.757
8070.000 1.765
8080.000 1.764
8090.000 1.752
8100.000 1.769
8110.000 1.777
8120.000 1.776
8130.000 1.819
8140.000 1.838
8150.000 1.850
8160.000 1.889
8170.000 1.915
8180.000 1.965
8190.000 2.046
8200.000 2.081
8210.000 2.161
8220.000 2.258
8230.000 2.319
8240.000 2.433
8250.000 2.514
8260.000 2.669
8270.000 2.784
8280.000 2.844
8290.000 3.060
8300.000 3.177
8310.000 3.452
8320.000 3.794
8330.000 3.992
8340.000 4.500
8350.000 4.792
8360.000 5.514
8370.000 5.993
8380.000 7.213
8390.000 8.975
8400.000 10.218
8410.000 14.062
8420.000 16.565
8430.000 22.707
8440.000 24.833
8450.000 21.006
8460.000 13.927
8470.000 11.736
8480.000 8.858
8490.000 7.882
8500.000 6.455
8510.000 5.443
8520.000 5.082
8530.000 4.454
8540.000 3.941
8550.000 3.737
8560.000 3.408
8570.000 3.128
8580.000 2.987
8590.000 2.896
8600.000 2.710
8610.000 2.543
8620.000 2.406
8630.000 2.338
8640.000 2.282
8650.000 2.174
8660.000 2.072
8670.000 1.989
8680.000 1.963
8690.000 1.934
8700.000 1.863
8710.000 1.805
8720.000 1.778
8730.000 1.757
8740.000 1.715
8750.000 1.699
8760.000 1.661
8770.000 1.642
8780.000 1.639
8790.000 1.625
8800.000 1.599
8810.000 1.614
8820.000 1.624
8830.000 1.635
8840.000 1.628
8850.000 1.637
8860.000 1.647
8870.000 1.659
8880.000 1.663
8890.000 1.684
8900.000 1.694
8910.000 1.723
8920.000 1.746
8930.000 1.785
8940.000 1.794
8950.000 1.849
8960.000 1.909
8970.000 1.944
8980.000 2.026
8990.000 2.052
9000.000 2.139
9010.000 2.265
9020.000 2.333
9030.000 2.459
9040.000 2.620
9050.000 2.717
9060.000 2.919
9070.000 3.038
9080.000 3.328
9090.000 3.483
9100.000 3.872
9110.000 4.376
9120.000 4.683
9130.000 5.442
9140.000 5.945
9150.000 7.269
9160.000 9.377
9170.000 10.808
9180.000 14.778
9190.000 17.215
9200.000 20.952
9210.000 17.268
9220.000 14.055
9230.000 9.901
9240.000 7.553
9250.000 6.726
9260.000 5.605
9270.000 5.137
9280.000 4.392
9290.000 3.835
9300.000 3.626
9310.000 3.251
9320.000 3.095
9330.000 2.821
9340.000 2.603
9350.000 2.517
9360.000 2.343
9370.000 2.265
9380.000 2.131
9390.000 2.006
9400.000 1.976
9410.000 1.880
9420.000 1.837
9430.000 1.764
9440.000 1.724
9450.000 1.683
9460.000 1.631
9470.000 1.597
9480.000 1.562
9490.000 1.514
9500.000 1.501
9510.000 1.493
9520.000 1.472
9530.000 1.450
9540.000 1.421
9550.000 1.423
9560.000 1.411
9570.000 1.411
9580.000 1.390
9590.000 1.375
9600.000 1.379
9610.000 1.392
9620.000 1.401
9630.000 1.399
9640.000 1.400
9650.000 1.425
9660.000 1.431
9670.000 1.438
9680.000 1.463
9690.000 1.476
9700.000 1.516
9710.000 1.550
9720.000 1.574
9730.000 1.611
9740.000 1.655
9750.000 1.715
9760.000 1.786
9770.000 1.821
9780.000 1.905
9790.000 1.943
9800.000 2.087
9810.000 2.211
9820.000 2.280
9830.000 2.458
9840.000 2.557
9850.000 2.794
9860.000 3.074
9870.000 3.246
9880.000 3.663
9890.000 4.225
9900.000 4.584
9910.000 5.023
9920.000 6.135
9930.000 7.862
9940.000 10.508
9950.000 12.228
9960.000 14.146
9970.000 16.369
9980.000 12.942
9990.000 10.657
10000.000 7.612
10010.000 6.532
10020.000 5.166
10030.000 4.334
10040.000 3.777
10050.000 3.524
10060.000 3.284
10070.000 2.904
10080.000 2.599
10090.000 2.489
10100.000 2.281
10110.000 2.090
10120.000 2.012
10130.000 1.878
10140.000 1.762
10150.000 1.706
10160.000 1.632
10170.000 1.581
10180.000 1.501
10190.000 1.441
10200.000 1.414
10210.000 1.379
10220.000 1.336
10230.000 1.288
10240.000 1.262
10250.000 1.236
10260.000 1.211
10270.000 1.196
10280.000 1.177
10290.000 1.152
10300.000 1.145
10310.000 1.139
10320.000 1.124
10330.000 1.107
10340.000 1.120
10350.000 1.109
10360.000 1.100
10370.000 1.101
10380.000 1.106
10390.000 1.104
10400.000 1.117
10410.000 1.111
10420.000 1.135
10430.000 1.148
10440.000 1.147
10450.000 1.175
10460.000 1.191
10470.000 1.210
10480.000 1.255
10490.000 1.269
10500.000 1.314
10510.000 1.344
10520.000 1.404
10530.000 1.480
10540.000 1.519
10550.000 1.598
10560.000 1.706
10570.000 1.771
10580.000 1.897
10590.000 1.965
10600.000 2.126
10610.000 2.308
10620.000 2.442
10630.000 2.685
10640.000 2.837
10650.000 3.221
10660.000 3.748
10670.000 4.054
10680.000 4.920
10690.000 5.501
10700.000 7.037
10710.000 8.089
10720.000 10.819
10730.000 12.999
10740.000 12.752
10750.000 9.595
10760.000 8.058
10770.000 5.968
10780.000 4.692
10790.000 4.122
10800.000 3.440
10810.000 2.961
10820.000 2.772
10830.000 2.445
10840.000 2.306
10850.000 2.114
10860.000 1.919
10870.000 1.838
10880.000 1.703
10890.000 1.642
10900.000 1.538
10910.000 1.441
10920.000 1.415
10930.000 1.337
10940.000 1.303
10950.000 1.251
10960.000 1.223
10970.000 1.173
10980.000 1.138
10990.000 1.107
11000.000 1.068
11010.000 1.059
11020.000 1.027
11030.000 1.016
11040.000 1.014
11050.000 0.994
11060.000 0.975
11070.000 0.982
11080.000 0.965
11090.000 0.954
11100.000 0.948
11110.000 0.940
11120.000 0.950
11130.000 0.951
11140.000 0.941
11150.000 0.951
11160.000 0.942
11170.000 0.966
11180.000 0.977
11190.000 0.970
11200.000 0.994
11210.000 1.015
11220.000 1.017
11230.000 1.036
11240.000 1.047
11250.000 1.081
11260.000 1.123
11270.000 1.141
11280.000 1.180
11290.000 1.202
11300.000 1.260
11310.000 1.333
11320.000 1.358
11330.000 1.404
11340.000 1.495
11350.000 1.603
11360.000 1.662
11370.000 1.804
11380.000 1.891
11390.000 2.103
11400.000 2.366
11410.000 2.527
11420.000 2.945
11430.000 3.185
11440.000 3.815
11450.000 4.235
11460.000 5.396
11470.000 7.033
11480.000 9.027
11490.000 9.689
11500.000 9.696
11510.000 7.882
11520.000 5.721
11530.000 4.366
11540.000 3.879
11550.000 3.179
11560.000 2.927
11570.000 2.502
11580.000 2.211
11590.000 2.088
11600.000 1.851
11610.000 1.759
11620.000 1.592
11630.000 1.473
11640.000 1.406
11650.000 1.314
11660.000 1.260
11670.000 1.189
11680.000 1.118
11690.000 1.090
11700.000 1.063
11710.000 1.015
11720.000 0.981
11730.000 0.953
11740.000 0.919
11750.000 0.891
11760.000 0.880
11770.000 0.864
11780.000 0.846
11790.000 0.835
11800.000 0.809
11810.000 0.804
11820.000 0.786
11830.000 0.786
11840.000 0.783
11850.000 0.778
11860.000 0.760
11870.000 0.769
11880.000 0.765
11890.000 0.757
11900.000 0.764
11910.000 0.752
11920.000 0.769
11930.000 0.776
11940.000 0.773
11950.000 0.777
11960.000 0.794
11970.000 0.811
11980.000 0.811
11990.000 0.837
12000.000 0.850
