110.000 0.709
120.000 1.013
130.000 0.599
140.000 0.382
150.000 1.113
160.000 0.955
170.000 0.786
180.000 0.911
190.000 1.420
200.000 1.848
210.000 1.565
220.000 1.588
230.000 2.336
240.000 2.536
250.000 2.659
260.000 3.320
270.000 6.003
280.000 7.715
290.000 14.074
300.000 18.895
310.000 18.571
320.000 9.067
330.000 7.345
340.000 6.852
350.000 6.104
360.000 5.566
370.000 5.106
380.000 4.730
390.000 5.100
400.000 5.273
410.000 5.756
420.000 5.716
430.000 6.095
440.000 7.394
450.000 7.273
460.000 8.091
470.000 9.163
480.000 9.449
490.000 9.960
500.000 10.164
510.000 10.739
520.000 11.499
530.000 12.189
540.000 14.292
550.000 15.782
560.000 19.978
570.000 23.944
580.000 39.883
590.000 54.617
600.000 48.376
610.000 16.920
620.000 9.743
630.000 7.940
640.000 5.794
650.000 5.075
660.000 4.045
670.000 3.419
680.000 3.180
690.000 2.816
700.000 2.635
710.000 2.354
720.000 2.227
730.000 2.121
740.000 2.016
750.000 1.986
760.000 1.963
770.000 1.943
780.000 1.963
790.000 2.085
800.000 2.152
810.000 2.331
820.000 2.827
830.000 2.977
840.000 3.782
850.000 4.604
860.000 7.411
870.000 9.884
880.000 11.663
890.000 3.766
900.000 2.832
910.000 1.977
920.000 1.344
930.000 1.230
940.000 0.949
950.000 0.799
960.000 0.743
970.000 0.687
980.000 0.707
990.000 0.656
1000.000 0.657
1010.000 0.552
1020.000 0.611
1030.000 0.561
1040.000 0.561
1050.000 0.585
1060.000 0.558
1070.000 0.596
1080.000 0.694
1090.000 0.659
1100.000 0.881
1110.000 1.109
1120.000 1.544
1130.000 1.813
1140.000 3.221
1150.000 4.298
1160.000 7.315
1170.000 6.648
1180.000 2.621
1190.000 1.902
1200.000 1.678
1210.000 1.334
1220.000 1.265
1230.000 1.208
1240.000 1.132
1250.000 1.064
1260.000 1.088
1270.000 1.012
1280.000 1.049
1290.000 1.122
1300.000 1.099
1310.000 1.185
1320.000 1.200
1330.000 1.301
1340.000 1.394
1350.000 1.550
1360.000 1.681
1370.000 1.831
1380.000 2.203
1390.000 2.843
1400.000 3.221
1410.000 4.560
1420.000 5.588
1430.000 9.425
1440.000 16.192
1450.000 17.409
1460.000 7.555
1470.000 6.217
1480.000 4.411
1490.000 3.580
1500.000 3.292
1510.000 2.882
1520.000 2.757
1530.000 2.523
1540.000 2.406
1550.000 2.378
1560.000 2.347
1570.000 2.347
1580.000 2.348
1590.000 2.400
1600.000 2.435
1610.000 2.604
1620.000 2.658
1630.000 2.889
1640.000 3.134
1650.000 3.351
1660.000 3.821
1670.000 4.061
1680.000 4.891
1690.000 6.046
1700.000 6.955
1710.000 9.519
1720.000 11.353
1730.000 14.926
1740.000 11.704
1750.000 8.357
1760.000 5.754
1770.000 5.116
1780.000 4.585
1790.000 4.429
1800.000 4.398
1810.000 4.456
1820.000 4.466
1830.000 4.550
1840.000 4.628
1850.000 4.732
1860.000 4.857
1870.000 4.981
1880.000 5.261
1890.000 5.398
1900.000 5.846
1910.000 6.346
1920.000 6.644
1930.000 7.460
1940.000 8.627
1950.000 9.332
1960.000 10.117
1970.000 12.353
1980.000 15.846
1990.000 18.115
2000.000 24.572
2010.000 31.948
2020.000 33.752
2030.000 28.665
2040.000 20.653
2050.000 17.954
2060.000 14.190
2070.000 12.908
2080.000 10.918
2090.000 9.589
2100.000 9.071
2110.000 8.258
2120.000 7.951
2130.000 7.466
2140.000 7.129
2150.000 6.995
2160.000 6.808
2170.000 6.782
2180.000 6.761
2190.000 6.846
2200.000 6.936
2210.000 7.227
2220.000 7.429
2230.000 8.011
2240.000 8.809
2250.000 9.385
2260.000 10.922
2270.000 11.995
2280.000 15.074
2290.000 20.179
2300.000 23.750
2310.000 31.302
2320.000 31.980
2330.000 22.992
2340.000 15.199
2350.000 12.906
2360.000 9.850
2370.000 8.863
2380.000 7.388
2390.000 6.364
2400.000 6.022
2410.000 5.414
2420.000 5.205
2430.000 4.862
2440.000 4.643
2450.000 4.549
2460.000 4.492
2470.000 4.457
2480.000 4.498
2490.000 4.539
2500.000 4.738
2510.000 5.034
2520.000 5.221
2530.000 5.781
2540.000 6.237
2550.000 7.377
2560.000 9.256
2570.000 10.662
2580.000 15.122
2590.000 18.641
2600.000 27.108
2610.000 22.986
2620.000 16.008
2630.000 10.169
2640.000 8.604
2650.000 6.593
2660.000 5.369
2670.000 4.932
2680.000 4.304
2690.000 4.065
2700.000 3.688
2710.000 3.443
2720.000 3.368
2730.000 3.214
2740.000 3.150
2750.000 3.129
2760.000 3.156
2770.000 3.205
2780.000 3.313
2790.000 3.397
2800.000 3.661
2810.000 4.028
2820.000 4.273
2830.000 4.600
2840.000 5.508
2850.000 7.010
2860.000 9.683
2870.000 11.848
2880.000 14.843
2890.000 22.489
2900.000 17.688
2910.000 9.131
2920.000 7.467
2930.000 5.501
2940.000 4.891
2950.000 4.024
2960.000 3.464
2970.000 3.246
2980.000 2.919
2990.000 2.809
3000.000 2.618
3010.000 2.527
3020.000 2.487
3030.000 2.443
3040.000 2.450
3050.000 2.467
3060.000 2.547
3070.000 2.585
3080.000 2.774
3090.000 2.886
3100.000 3.209
3110.000 3.686
3120.000 4.011
3130.000 5.002
3140.000 5.759
3150.000 8.117
3160.000 12.762
3170.000 16.072
3180.000 18.318
3190.000 12.945
3200.000 6.949
3210.000 4.940
3220.000 4.318
3230.000 3.493
3240.000 3.213
3250.000 2.778
3260.000 2.486
3270.000 2.374
3280.000 2.286
3290.000 2.150
3300.000 2.077
3310.000 2.034
3320.000 2.034
3330.000 2.052
3340.000 2.061
3350.000 2.136
3360.000 2.196
3370.000 2.358
3380.000 2.604
3390.000 2.765
3400.000 3.178
3410.000 3.874
3420.000 4.374
3430.000 5.974
3440.000 7.260
3450.000 11.446
3460.000 16.119
3470.000 14.649
3480.000 7.172
3490.000 5.752
3500.000 4.127
3510.000 3.287
3520.000 2.981
3530.000 2.536
3540.000 2.378
3550.000 2.128
3560.000 1.981
3570.000 1.902
3580.000 1.825
3590.000 1.782
3600.000 1.756
3610.000 1.746
3620.000 1.766
3630.000 1.813
3640.000 1.860
3650.000 1.965
3660.000 2.130
3670.000 2.260
3680.000 2.551
3690.000 2.751
3700.000 3.344
3710.000 4.342
3720.000 5.067
3730.000 7.858
3740.000 9.983
3750.000 12.481
3760.000 12.737
3770.000 6.149
3780.000 4.131
3790.000 3.561
3800.000 2.807
3810.000 2.553
3820.000 2.186
3830.000 1.933
3840.000 1.839
3850.000 1.701
3860.000 1.640
3870.000 1.568
3880.000 1.533
3890.000 1.519
3900.000 1.516
3910.000 1.524
3920.000 1.575
3930.000 1.645
3940.000 1.703
3950.000 1.850
3960.000 1.933
3970.000 2.212
3980.000 2.619
3990.000 2.913
4000.000 3.762
4010.000 4.451
4020.000 6.751
4030.000 8.538
4040.000 12.017
4050.000 10.764
4060.000 5.218
4070.000 3.491
4080.000 2.643
4090.000 2.378
4100.000 2.006
4110.000 1.860
4120.000 1.640
4130.000 1.560
4140.000 1.452
4150.000 1.372
4160.000 1.350
4170.000 1.309
4180.000 1.299
4190.000 1.292
4200.000 1.328
4210.000 1.343
4220.000 1.426
4230.000 1.534
4240.000 1.601
4250.000 1.685
4260.000 1.936
4270.000 2.303
4280.000 2.903
4290.000 3.349
4300.000 4.780
4310.000 5.964
4320.000 9.369
4330.000 10.043
4340.000 5.567
4350.000 3.299
4360.000 2.743
4370.000 2.073
4380.000 1.855
4390.000 1.566
4400.000 1.387
4410.000 1.317
4420.000 1.220
4430.000 1.171
4440.000 1.123
4450.000 1.101
4460.000 1.093
4470.000 1.096
4480.000 1.115
4490.000 1.134
4500.000 1.206
4510.000 1.253
4520.000 1.373
4530.000 1.446
4540.000 1.633
4550.000 1.926
4560.000 2.129
4570.000 2.720
4580.000 3.160
4590.000 4.614
4600.000 7.340
4610.000 8.992
4620.000 8.440
4630.000 5.842
4640.000 3.732
4650.000 2.821
4660.000 2.540
4670.000 2.164
4680.000 2.038
4690.000 1.842
4700.000 1.726
4710.000 1.692
4720.000 1.642
4730.000 1.610
4740.000 1.605
4750.000 1.616
4760.000 1.634
4770.000 1.658
4780.000 1.692
4790.000 1.766
4800.000 1.831
4810.000 1.895
4820.000 2.032
4830.000 2.119
4840.000 2.350
4850.000 2.730
4860.000 3.027
4870.000 3.907
4880.000 4.654
4890.000 6.954
4900.000 8.652
4910.000 7.182
4920.000 3.829
4930.000 3.231
4940.000 2.542
4950.000 2.229
4960.000 2.121
4970.000 2.042
4980.000 2.010
4990.000 2.032
5000.000 2.087
5010.000 2.144
5020.000 2.259
5030.000 2.353
5040.000 2.533
5050.000 2.788
5060.000 2.935
5070.000 3.286
5080.000 3.494
5090.000 3.979
5100.000 4.624
5110.000 5.002
5120.000 5.948
5130.000 6.593
5140.000 8.306
5150.000 11.063
5160.000 13.131
5170.000 19.604
5180.000 24.218
5190.000 30.941
5200.000 19.407
5210.000 14.799
5220.000 9.931
5230.000 8.500
5240.000 6.498
5250.000 5.131
5260.000 4.717
5270.000 4.374
5280.000 4.261
5290.000 4.097
5300.000 3.977
5310.000 3.944
5320.000 3.904
5330.000 3.883
5340.000 3.907
5350.000 3.974
5360.000 4.034
5370.000 4.232
5380.000 4.362
5390.000 4.712
5400.000 5.244
5410.000 5.594
5420.000 6.595
5430.000 7.289
5440.000 9.361
5450.000 13.183
5460.000 16.182
5470.000 23.861
5480.000 25.508
5490.000 15.551
5500.000 9.547
5510.000 7.872
5520.000 6.001
5530.000 5.403
5540.000 4.543
5550.000 4.211
5560.000 3.743
5570.000 3.402
5580.000 3.258
5590.000 3.072
5600.000 3.010
5610.000 2.928
5620.000 2.902
5630.000 2.906
5640.000 2.956
5650.000 3.001
5660.000 3.148
5670.000 3.379
5680.000 3.537
5690.000 3.958
5700.000 4.233
5710.000 5.034
5720.000 6.314
5730.000 7.299
5740.000 10.323
5750.000 12.699
5760.000 18.474
5770.000 16.498
5780.000 11.600
5790.000 7.379
5800.000 6.262
5810.000 4.827
5820.000 3.975
5830.000 3.686
5840.000 3.224
5850.000 3.056
5860.000 2.803
5870.000 2.610
5880.000 2.551
5890.000 2.472
5900.000 2.441
5910.000 2.435
5920.000 2.467
5930.000 2.494
5940.000 2.598
5950.000 2.686
5960.000 2.879
5970.000 3.199
5980.000 3.401
5990.000 3.958
6000.000 4.339
6010.000 5.477
6020.000 7.431
6030.000 9.010
6040.000 13.650
6050.000 16.221
6060.000 14.253
6070.000 7.965
6080.000 6.525
6090.000 4.836
6100.000 4.308
6110.000 3.529
6120.000 3.263
6130.000 2.878
6140.000 2.735
6150.000 2.516
6160.000 2.368
6170.000 2.271
6180.000 2.239
6190.000 2.208
6200.000 2.228
6210.000 2.245
6220.000 2.342
6230.000 2.395
6240.000 2.556
6250.000 2.667
6260.000 2.971
6270.000 3.412
6280.000 3.709
6290.000 4.558
6300.000 5.173
6310.000 7.070
6320.000 10.532
6330.000 12.948
6340.000 15.271
6350.000 12.625
6360.000 7.191
6370.000 5.074
6380.000 4.451
6390.000 3.601
6400.000 3.318
6410.000 2.869
6420.000 2.572
6430.000 2.458
6440.000 2.364
6450.000 2.221
6460.000 2.146
6470.000 2.110
6480.000 2.091
6490.000 2.121
6500.000 2.127
6510.000 2.217
6520.000 2.337
6530.000 2.434
6540.000 2.680
6550.000 2.838
6560.000 3.259
6570.000 3.908
6580.000 4.352
6590.000 5.745
6600.000 6.831
6610.000 10.126
6620.000 14.317
6630.000 14.530
6640.000 8.720
6650.000 7.077
6660.000 4.957
6670.000 3.849
6680.000 3.495
6690.000 3.190
6700.000 2.763
6710.000 2.467
6720.000 2.368
6730.000 2.204
6740.000 2.096
6750.000 2.068
6760.000 2.043
6770.000 2.039
6780.000 2.053
6790.000 2.126
6800.000 2.160
6810.000 2.284
6820.000 2.372
6830.000 2.624
6840.000 2.992
6850.000 3.198
6860.000 3.864
6870.000 4.318
6880.000 5.697
6890.000 8.161
6900.000 9.952
6910.000 13.526
6920.000 13.177
6930.000 7.933
6940.000 5.324
6950.000 4.594
6960.000 3.625
6970.000 3.280
6980.000 2.793
6990.000 2.458
7000.000 2.356
7010.000 2.178
7020.000 2.125
7030.000 2.018
7040.000 1.964
7050.000 1.964
7060.000 1.951
7070.000 1.972
7080.000 2.025
7090.000 2.126
7100.000 2.187
7110.000 2.372
7120.000 2.504
7130.000 2.820
7140.000 3.318
7150.000 3.658
7160.000 4.635
7170.000 5.356
7180.000 7.625
7190.000 11.248
7200.000 12.873
7210.000 10.320
7220.000 7.697
7230.000 5.125
7240.000 3.873
7250.000 3.464
7260.000 2.880
7270.000 2.681
7280.000 2.365
7290.000 2.147
7300.000 2.091
7310.000 1.969
7320.000 1.910
7330.000 1.864
7340.000 1.852
7350.000 1.842
7360.000 1.887
7370.000 1.906
7380.000 2.002
7390.000 2.156
7400.000 2.237
7410.000 2.504
7420.000 2.698
7430.000 3.137
7440.000 3.864
7450.000 4.369
7460.000 5.967
7470.000 7.129
7480.000 10.346
7490.000 11.367
7500.000 9.607
7510.000 6.363
7520.000 5.466
7530.000 4.106
7540.000 3.644
7550.000 3.025
7560.000 2.607
7570.000 2.450
7580.000 2.221
7590.000 2.066
7600.000 2.007
7610.000 1.925
7620.000 1.911
7630.000 1.886
7640.000 1.886
7650.000 1.920
7660.000 1.993
7670.000 2.050
7680.000 2.203
7690.000 2.416
7700.000 2.550
7710.000 2.970
7720.000 3.238
7730.000 3.952
7740.000 5.231
7750.000 6.171
7760.000 9.010
7770.000 10.738
7780.000 11.656
7790.000 7.184
7800.000 5.772
7810.000 4.176
7820.000 3.681
7830.000 2.997
7840.000 2.560
7850.000 2.406
7860.000 2.174
7870.000 2.077
7880.000 1.948
7890.000 1.897
7900.000 1.816
7910.000 1.795
7920.000 1.799
7930.000 1.813
7940.000 1.824
7950.000 1.960
7960.000 2.077
7970.000 2.078
7980.000 2.249
7990.000 2.430
8000.000 2.849
8010.000 3.431
8020.000 3.846
8030.000 4.931
8040.000 5.787
8050.000 8.341
8060.000 10.598
8070.000 9.842
8080.000 6.714
8090.000 5.688
8100.000 3.983
8110.000 3.138
8120.000 2.866
8130.000 2.492
8140.000 2.350
8150.000 2.112
8160.000 1.941
8170.000 1.889
8180.000 1.809
8190.000 1.772
8200.000 1.743
8210.000 1.739
8220.000 1.753
8230.000 1.811
8240.000 1.846
8250.000 1.954
8260.000 2.039
8270.000 2.254
8280.000 2.551
8290.000 2.758
8300.000 3.361
8310.000 4.315
8320.000 5.012
8330.000 7.062
8340.000 8.349
8350.000 9.523
8360.000 7.253
8370.000 6.662
8380.000 4.656
8390.000 4.003
8400.000 3.133
8410.000 2.649
8420.000 2.461
8430.000 2.177
8440.000 2.059
8450.000 1.869
8460.000 1.748
8470.000 1.723
8480.000 1.696
8490.000 1.676
8500.000 1.690
8510.000 1.725
8520.000 1.767
8530.000 1.856
8540.000 1.924
8550.000 2.078
8560.000 2.286
8570.000 2.448
8580.000 2.869
8590.000 3.180
8600.000 4.076
8610.000 5.570
8620.000 6.616
8630.000 8.643
8640.000 8.641
8650.000 5.714
8660.000 4.648
8670.000 4.665
8680.000 3.812
8690.000 3.311
8700.000 2.683
8710.000 2.303
8720.000 2.156
8730.000 2.039
8740.000 1.869
8750.000 1.747
8760.000 1.689
8770.000 1.664
8780.000 1.625
8790.000 1.625
8800.000 1.667
8810.000 1.736
8820.000 1.787
8830.000 1.928
8840.000 1.983
8850.000 2.221
8860.000 2.571
8870.000 2.801
8880.000 3.431
8890.000 3.889
8900.000 5.120
8910.000 6.727
8920.000 7.857
8930.000 9.066
8940.000 7.918
8950.000 5.029
8960.000 3.637
8970.000 3.205
8980.000 2.605
8990.000 2.384
9000.000 2.069
9010.000 1.860
9020.000 1.793
9030.000 1.715
9040.000 1.633
9050.000 1.570
9060.000 1.550
9070.000 1.535
9080.000 1.564
9090.000 1.583
9100.000 1.634
9110.000 1.673
9120.000 1.796
9130.000 1.977
9140.000 2.091
9150.000 2.418
9160.000 2.624
9170.000 3.220
9180.000 3.623
9190.000 4.868
9200.000 6.881
9210.000 8.052
9220.000 8.660
9230.000 5.680
9240.000 4.613
9250.000 3.339
9260.000 2.947
9270.000 2.418
9280.000 2.076
9290.000 1.950
9300.000 1.758
9310.000 1.682
9320.000 1.576
9330.000 1.534
9340.000 1.463
9350.000 1.442
9360.000 1.451
9370.000 1.462
9380.000 1.502
9390.000 1.543
9400.000 1.628
9410.000 1.690
9420.000 1.860
9430.000 1.975
9440.000 2.266
9450.000 2.712
9460.000 3.033
9470.000 3.936
9480.000 5.497
9490.000 6.559
9500.000 8.317
9510.000 8.006
9520.000 5.295
9530.000 3.622
9540.000 3.145
9550.000 2.509
9560.000 2.275
9570.000 1.950
9580.000 1.733
9590.000 1.653
9600.000 1.502
9610.000 1.469
9620.000 1.404
9630.000 1.356
9640.000 1.354
9650.000 1.351
9660.000 1.374
9670.000 1.418
9680.000 1.486
9690.000 1.537
9700.000 1.666
9710.000 1.759
9720.000 1.999
9730.000 2.353
9740.000 2.594
9750.000 3.326
9760.000 3.822
9770.000 5.327
9780.000 7.000
9790.000 7.131
9800.000 5.137
9810.000 4.289
9820.000 3.282
9830.000 2.534
9840.000 2.278
9850.000 1.892
9860.000 1.753
9870.000 1.549
9880.000 1.416
9890.000 1.362
9900.000 1.290
9910.000 1.273
9920.000 1.227
9930.000 1.203
9940.000 1.210
9950.000 1.240
9960.000 1.245
9970.000 1.308
9980.000 1.362
9990.000 1.516
10000.000 1.701
10010.000 1.805
10020.000 2.120
10030.000 2.605
10040.000 2.967
10050.000 3.423
10060.000 4.835
10070.000 6.381
10080.000 5.751
10090.000 4.653
10100.000 3.116
10110.000 2.657
10120.000 2.055
10130.000 1.671
10140.000 1.543
10150.000 1.451
10160.000 1.451
10170.000 1.455
10180.000 1.341
10190.000 1.299
10200.000 1.230
10210.000 1.218
10220.000 1.188
10230.000 1.196
10240.000 1.192
10250.000 1.215
10260.000 1.273
10270.000 1.381
10280.000 1.428
10290.000 1.601
10300.000 1.853
10310.000 2.044
10320.000 2.252
10330.000 2.862
10340.000 3.947
10350.000 4.649
10360.000 6.016
10370.000 5.412
10380.000 4.419
10390.000 3.029
10400.000 2.318
10410.000 2.077
10420.000 1.709
10430.000 1.587
10440.000 1.389
10450.000 1.256
10460.000 1.212
10470.000 1.128
10480.000 1.104
10490.000 1.073
10500.000 1.057
10510.000 1.053
10520.000 1.038
10530.000 1.039
10540.000 1.065
10550.000 1.116
10560.000 1.171
10570.000 1.289
10580.000 1.363
10590.000 1.578
10600.000 1.884
10610.000 2.095
10620.000 2.372
10630.000 3.132
10640.000 4.278
10650.000 5.512
10660.000 5.532
10670.000 3.988
10680.000 3.270
10690.000 2.390
10700.000 1.890
10710.000 1.722
10720.000 1.482
10730.000 1.388
10740.000 1.254
10750.000 1.150
10760.000 1.117
10770.000 1.061
10780.000 1.031
10790.000 1.023
10800.000 1.016
10810.000 1.031
10820.000 1.053
10830.000 1.076
10840.000 1.141
10850.000 1.239
10860.000 1.295
10870.000 1.457
10880.000 1.569
10890.000 1.909
10900.000 2.099
10910.000 2.773
10920.000 3.778
10930.000 4.419
10940.000 5.295
10950.000 4.957
10960.000 3.352
10970.000 2.370
10980.000 2.079
10990.000 1.667
11000.000 1.521
11010.000 1.312
11020.000 1.189
11030.000 1.118
11040.000 1.041
11050.000 1.001
11060.000 0.957
11070.000 0.947
11080.000 0.933
11090.000 0.937
11100.000 0.935
11110.000 0.969
11120.000 1.012
11130.000 1.051
11140.000 1.137
11150.000 1.196
11160.000 1.370
11170.000 1.624
11180.000 1.789
11190.000 2.268
11200.000 2.615
11210.000 3.586
11220.000 4.651
11230.000 4.771
11240.000 3.603
11250.000 2.954
11260.000 2.178
11270.000 1.700
11280.000 1.538
11290.000 1.295
11300.000 1.218
11310.000 1.067
11320.000 0.981
11330.000 0.959
11340.000 0.912
11350.000 0.891
11360.000 0.873
11370.000 0.873
11380.000 0.876
11390.000 0.910
11400.000 0.915
11410.000 0.961
11420.000 1.053
11430.000 1.092
11440.000 1.235
11450.000 1.323
11460.000 1.572
11470.000 1.949
11480.000 2.203
11490.000 2.515
11500.000 3.257
11510.000 3.413
11520.000 2.870
11530.000 2.767
11540.000 2.396
11550.000 2.101
11560.000 1.636
11570.000 1.341
11580.000 1.237
11590.000 1.083
11600.000 1.022
11610.000 0.934
11620.000 0.870
11630.000 0.849
11640.000 0.828
11650.000 0.821
11660.000 0.814
11670.000 0.828
11680.000 0.845
11690.000 0.885
11700.000 0.908
11710.000 0.963
11720.000 1.052
11730.000 1.093
11740.000 1.222
11750.000 1.312
11760.000 1.610
11770.000 2.088
11780.000 2.419
11790.000 3.256
11800.000 3.657
11810.000 3.636
11820.000 2.519
11830.000 2.133
11840.000 1.629
11850.000 1.468
11860.000 1.212
11870.000 1.042
11880.000 0.983
11890.000 0.888
11900.000 0.864
11910.000 0.814
11920.000 0.774
11930.000 0.768
11940.000 0.751
11950.000 0.739
11960.000 0.747
11970.000 0.769
11980.000 0.786
11990.000 0.836
12000.000 0.871
