110.000 1.270
120.000 1.793
130.000 1.625
140.000 1.774
150.000 0.815
160.000 2.794
170.000 1.437
180.000 3.057
190.000 1.828
200.000 2.235
210.000 2.846
220.000 2.699
230.000 2.908
240.000 1.788
250.000 2.470
260.000 2.930
270.000 2.470
280.000 5.403
290.000 4.949
300.000 4.219
310.000 3.451
320.000 2.944
330.000 3.639
340.000 3.450
350.000 4.285
360.000 3.695
370.000 4.357
380.000 4.341
390.000 4.818
400.000 5.474
410.000 6.187
420.000 8.569
430.000 10.182
440.000 7.270
450.000 8.039
460.000 8.485
470.000 8.870
480.000 9.350
490.000 8.831
500.000 8.529
510.000 8.079
520.000 7.926
530.000 7.316
540.000 7.103
550.000 6.655
560.000 6.842
570.000 5.744
580.000 5.187
590.000 4.952
600.000 4.534
610.000 4.145
620.000 3.980
630.000 3.667
640.000 3.501
650.000 3.288
660.000 3.145
670.000 2.922
680.000 2.830
690.000 2.689
700.000 2.616
710.000 2.426
720.000 2.276
730.000 2.223
740.000 2.163
750.000 2.105
760.000 2.012
770.000 1.943
780.000 1.866
790.000 1.849
800.000 1.817
810.000 1.726
820.000 1.782
830.000 1.612
840.000 1.533
850.000 1.564
860.000 1.532
870.000 1.456
880.000 1.365
890.000 1.355
900.000 1.301
910.000 1.273
920.000 1.255
930.000 1.215
940.000 1.180
950.000 1.151
960.000 1.083
970.000 1.204
980.000 1.686
990.000 2.225
1000.000 1.723
1010.000 1.936
1020.000 1.378
1030.000 1.597
1040.000 1.595
1050.000 1.686
1060.000 2.050
1070.000 2.079
1080.000 2.685
1090.000 2.648
1100.000 3.266
1110.000 4.472
1120.000 4.988
1130.000 7.271
1140.000 8.883
1150.000 13.336
1160.000 15.198
1170.000 12.836
1180.000 8.318
1190.000 7.135
1200.000 5.544
1210.000 4.759
1220.000 4.412
1230.000 3.887
1240.000 3.690
1250.000 3.434
1260.000 3.431
1270.000 3.036
1280.000 2.907
1290.000 2.874
1300.000 2.959
1310.000 2.635
1320.000 2.693
1330.000 2.496
1340.000 2.535
1350.000 2.410
1360.000 2.509
1370.000 2.412
1380.000 2.435
1390.000 2.373
1400.000 2.368
1410.000 2.501
1420.000 2.457
1430.000 2.349
1440.000 2.255
1450.000 2.353
1460.000 2.442
1470.000 2.372
1480.000 2.420
1490.000 2.369
1500.000 2.391
1510.000 2.408
1520.000 2.439
1530.000 2.259
1540.000 2.370
1550.000 2.431
1560.000 2.420
1570.000 2.491
1580.000 2.563
1590.000 2.549
1600.000 2.541
1610.000 2.556
1620.000 2.610
1630.000 2.633
1640.000 2.603
1650.000 2.601
1660.000 2.591
1670.000 2.507
1680.000 2.468
1690.000 2.502
1700.000 2.423
1710.000 2.318
1720.000 2.258
1730.000 2.475
1740.000 2.735
1750.000 2.039
1760.000 2.142
1770.000 2.258
1780.000 2.408
1790.000 2.754
1800.000 3.241
1810.000 3.457
1820.000 3.928
1830.000 4.360
1840.000 4.567
1850.000 4.991
1860.000 5.180
1870.000 5.509
1880.000 5.986
1890.000 6.132
1900.000 6.495
1910.000 6.814
1920.000 6.950
1930.000 7.362
1940.000 7.493
1950.000 7.935
1960.000 8.139
1970.000 8.425
1980.000 8.585
1990.000 9.022
2000.000 9.389
2010.000 9.845
2020.000 10.021
2030.000 10.336
2040.000 10.579
2050.000 11.043
2060.000 11.468
2070.000 11.707
2080.000 11.901
2090.000 12.409
2100.000 12.878
2110.000 13.391
2120.000 13.635
2130.000 14.203
2140.000 14.500
2150.000 15.117
2160.000 15.829
2170.000 16.213
2180.000 17.062
2190.000 17.540
2200.000 18.585
2210.000 19.147
2220.000 20.463
2230.000 22.065
2240.000 22.912
2250.000 25.086
2260.000 26.388
2270.000 29.427
2280.000 33.088
2290.000 35.173
2300.000 39.862
2310.000 42.102
2320.000 46.663
2330.000 48.005
2340.000 47.808
2350.000 44.039
2360.000 41.161
2370.000 35.015
2380.000 32.093
2390.000 27.177
2400.000 23.060
2410.000 21.429
2420.000 18.528
2430.000 16.296
2440.000 15.253
2450.000 13.612
2460.000 12.885
2470.000 11.605
2480.000 11.075
2490.000 10.085
2500.000 9.245
2510.000 8.910
2520.000 8.232
2530.000 7.635
2540.000 7.382
2550.000 6.900
2560.000 6.690
2570.000 6.278
2580.000 6.095
2590.000 5.774
2600.000 5.454
2610.000 5.311
2620.000 5.067
2630.000 4.946
2640.000 4.720
2650.000 4.511
2660.000 4.420
2670.000 4.252
2680.000 4.108
2690.000 4.009
2700.000 3.878
2710.000 3.791
2720.000 3.705
2730.000 3.617
2740.000 3.494
2750.000 3.422
2760.000 3.367
2770.000 3.302
2780.000 3.265
2790.000 3.158
2800.000 3.093
2810.000 3.054
2820.000 2.998
2830.000 2.942
2840.000 2.919
2850.000 2.875
2860.000 2.856
2870.000 2.796
2880.000 2.788
2890.000 2.745
2900.000 2.692
2910.000 2.724
2920.000 2.691
2930.000 2.666
2940.000 2.645
2950.000 2.644
2960.000 2.638
2970.000 2.618
2980.000 2.619
2990.000 2.619
3000.000 2.625
3010.000 2.620
3020.000 2.622
3030.000 2.635
3040.000 2.634
3050.000 2.647
3060.000 2.655
3070.000 2.673
3080.000 2.704
3090.000 2.715
3100.000 2.763
3110.000 2.783
3120.000 2.812
3130.000 2.828
3140.000 2.887
3150.000 2.926
3160.000 2.969
3170.000 3.062
3180.000 3.135
3190.000 3.195
3200.000 3.273
3210.000 3.331
3220.000 3.438
3230.000 3.569
3240.000 3.646
3250.000 3.810
3260.000 3.880
3270.000 4.084
3280.000 4.191
3290.000 4.419
3300.000 4.696
3310.000 4.923
3320.000 5.176
3330.000 5.337
3340.000 5.877
3350.000 6.447
3360.000 6.850
3370.000 7.607
3380.000 8.654
3390.000 9.238
3400.000 10.024
3410.000 11.994
3420.000 14.854
3430.000 16.812
3440.000 22.559
3450.000 26.574
3460.000 37.436
3470.000 40.879
3480.000 35.154
3490.000 22.834
3500.000 19.098
3510.000 14.245
3520.000 11.321
3530.000 10.255
3540.000 8.610
3550.000 7.973
3560.000 6.908
3570.000 6.129
3580.000 5.787
3590.000 5.198
3600.000 4.733
3610.000 4.531
3620.000 4.159
3630.000 4.006
3640.000 3.715
3650.000 3.465
3660.000 3.361
3670.000 3.161
3680.000 3.064
3690.000 2.914
3700.000 2.825
3710.000 2.676
3720.000 2.549
3730.000 2.501
3740.000 2.387
3750.000 2.281
3760.000 2.245
3770.000 2.163
3780.000 2.119
3790.000 2.055
3800.000 1.981
3810.000 1.942
3820.000 1.885
3830.000 1.855
3840.000 1.806
3850.000 1.777
3860.000 1.730
3870.000 1.698
3880.000 1.665
3890.000 1.643
3900.000 1.622
3910.000 1.596
3920.000 1.554
3930.000 1.544
3940.000 1.512
3950.000 1.498
3960.000 1.478
3970.000 1.461
3980.000 1.450
3990.000 1.442
4000.000 1.420
4010.000 1.410
4020.000 1.409
4030.000 1.391
4040.000 1.391
4050.000 1.383
4060.000 1.380
4070.000 1.365
4080.000 1.375
4090.000 1.373
4100.000 1.390
4110.000 1.377
4120.000 1.364
4130.000 1.387
4140.000 1.380
4150.000 1.376
4160.000 1.393
4170.000 1.393
4180.000 1.401
4190.000 1.421
4200.000 1.416
4210.000 1.434
4220.000 1.470
4230.000 1.490
4240.000 1.495
4250.000 1.535
4260.000 1.544
4270.000 1.584
4280.000 1.601
4290.000 1.644
4300.000 1.662
4310.000 1.692
4320.000 1.711
4330.000 1.738
4340.000 1.755
4350.000 1.745
4360.000 1.760
4370.000 1.791
4380.000 1.817
4390.000 1.900
4400.000 2.005
4410.000 2.073
4420.000 2.132
4430.000 2.280
4440.000 2.451
4450.000 2.667
4460.000 2.778
4470.000 3.049
4480.000 3.182
4490.000 3.516
4500.000 3.937
4510.000 4.190
4520.000 4.788
4530.000 5.162
4540.000 6.089
4550.000 6.689
4560.000 8.377
4570.000 10.835
4580.000 12.611
4590.000 17.927
4600.000 21.664
4610.000 27.750
4620.000 26.690
4630.000 17.975
4640.000 12.476
4650.000 10.951
4660.000 8.788
4670.000 8.126
4680.000 6.978
4690.000 6.178
4700.000 5.887
4710.000 5.345
4720.000 4.954
4730.000 4.783
4740.000 4.467
4750.000 4.321
4760.000 4.056
4770.000 3.816
4780.000 3.689
4790.000 3.415
4800.000 3.297
4810.000 3.040
4820.000 2.898
4830.000 2.643
4840.000 2.394
4850.000 2.264
4860.000 2.048
4870.000 1.940
4880.000 1.775
4890.000 1.608
4900.000 1.575
4910.000 1.522
4920.000 1.490
4930.000 1.496
4940.000 1.530
4950.000 1.565
4960.000 1.674
4970.000 1.777
4980.000 1.845
4990.000 1.998
5000.000 2.076
5010.000 2.274
5020.000 2.451
5030.000 2.553
5040.000 2.764
5050.000 2.853
5060.000 3.075
5070.000 3.251
5080.000 3.360
5090.000 3.549
5100.000 3.650
5110.000 3.805
5120.000 3.950
5130.000 4.005
5140.000 4.112
5150.000 4.158
5160.000 4.222
5170.000 4.246
5180.000 4.274
5190.000 4.290
5200.000 4.284
5210.000 4.272
5220.000 4.253
5230.000 4.219
5240.000 4.198
5250.000 4.168
5260.000 4.091
5270.000 4.073
5280.000 3.986
5290.000 3.874
5300.000 3.822
5310.000 3.608
5320.000 3.574
5330.000 3.724
5340.000 3.808
5350.000 3.945
5360.000 4.075
5370.000 4.125
5380.000 4.212
5390.000 4.258
5400.000 4.337
5410.000 4.417
5420.000 4.461
5430.000 4.522
5440.000 4.580
5450.000 4.654
5460.000 4.746
5470.000 4.792
5480.000 4.894
5490.000 4.939
5500.000 5.061
5510.000 5.212
5520.000 5.290
5530.000 5.454
5540.000 5.555
5550.000 5.785
5560.000 6.025
5570.000 6.346
5580.000 6.525
5590.000 6.690
5600.000 7.109
5610.000 7.601
5620.000 8.196
5630.000 8.562
5640.000 9.299
5650.000 9.776
5660.000 10.877
5670.000 12.309
5680.000 13.172
5690.000 15.406
5700.000 16.839
5710.000 20.652
5720.000 26.666
5730.000 30.880
5740.000 36.244
5750.000 49.979
5760.000 57.822
5770.000 42.726
5780.000 34.322
5790.000 24.188
5800.000 20.969
5810.000 16.491
5820.000 13.425
5830.000 12.195
5840.000 10.466
5850.000 9.783
5860.000 8.637
5870.000 8.156
5880.000 7.334
5890.000 7.001
5900.000 6.403
5910.000 5.883
5920.000 5.660
5930.000 5.257
5940.000 4.911
5950.000 4.768
5960.000 4.627
5970.000 4.357
5980.000 4.116
5990.000 4.013
6000.000 3.821
6010.000 3.644
6020.000 3.555
6030.000 3.399
6040.000 3.352
6050.000 3.229
6060.000 3.159
6070.000 3.058
6080.000 2.966
6090.000 2.919
6100.000 2.826
6110.000 2.789
6120.000 2.715
6130.000 2.664
6140.000 2.588
6150.000 2.566
6160.000 2.525
6170.000 2.489
6180.000 2.446
6190.000 2.396
6200.000 2.374
6210.000 2.348
6220.000 2.343
6230.000 2.293
6240.000 2.274
6250.000 2.262
6260.000 2.228
6270.000 2.225
6280.000 2.199
6290.000 2.185
6300.000 2.181
6310.000 2.176
6320.000 2.174
6330.000 2.171
6340.000 2.178
6350.000 2.174
6360.000 2.172
6370.000 2.163
6380.000 2.173
6390.000 2.167
6400.000 2.180
6410.000 2.191
6420.000 2.211
6430.000 2.211
6440.000 2.227
6450.000 2.250
6460.000 2.270
6470.000 2.291
6480.000 2.322
6490.000 2.359
6500.000 2.362
6510.000 2.383
6520.000 2.425
6530.000 2.469
6540.000 2.521
6550.000 2.552
6560.000 2.581
6570.000 2.637
6580.000 2.716
6590.000 2.736
6600.000 2.831
6610.000 2.860
6620.000 2.977
6630.000 3.077
6640.000 3.175
6650.000 3.255
6660.000 3.388
6670.000 3.466
6680.000 3.627
6690.000 3.717
6700.000 3.916
6710.000 4.165
6720.000 4.283
6730.000 4.562
6740.000 4.727
6750.000 5.091
6760.000 5.489
6770.000 5.741
6780.000 6.280
6790.000 6.966
6800.000 7.365
6810.000 8.352
6820.000 8.961
6830.000 10.431
6840.000 11.383
6850.000 13.890
6860.000 15.561
6870.000 20.394
6880.000 28.205
6890.000 33.369
6900.000 43.007
6910.000 43.126
6920.000 30.684
6930.000 20.958
6940.000 18.000
6950.000 13.902
6960.000 12.500
6970.000 10.377
6980.000 8.832
6990.000 7.716
7000.000 7.250
7010.000 6.838
7020.000 6.112
7030.000 5.565
7040.000 5.331
7050.000 4.904
7060.000 4.548
7070.000 4.409
7080.000 4.247
7090.000 4.003
7100.000 3.777
7110.000 3.570
7120.000 3.461
7130.000 3.307
7140.000 3.240
7150.000 3.102
7160.000 3.030
7170.000 2.914
7180.000 2.856
7190.000 2.748
7200.000 2.676
7210.000 2.622
7220.000 2.530
7230.000 2.460
7240.000 2.428
7250.000 2.366
7260.000 2.308
7270.000 2.269
7280.000 2.260
7290.000 2.206
7300.000 2.167
7310.000 2.109
7320.000 2.088
7330.000 2.060
7340.000 2.036
7350.000 2.007
7360.000 1.977
7370.000 1.956
7380.000 1.936
7390.000 1.910
7400.000 1.897
7410.000 1.883
7420.000 1.854
7430.000 1.838
7440.000 1.824
7450.000 1.806
7460.000 1.787
7470.000 1.765
7480.000 1.748
7490.000 1.763
7500.000 1.923
7510.000 2.008
7520.000 2.017
7530.000 2.023
7540.000 2.008
7550.000 2.007
7560.000 1.999
7570.000 2.002
7580.000 2.009
7590.000 2.022
7600.000 2.031
7610.000 2.048
7620.000 2.073
7630.000 2.068
7640.000 2.117
7650.000 2.119
7660.000 2.139
7670.000 2.178
7680.000 2.220
7690.000 2.260
7700.000 2.293
7710.000 2.316
7720.000 2.374
7730.000 2.430
7740.000 2.460
7750.000 2.552
7760.000 2.598
7770.000 2.678
7780.000 2.774
7790.000 2.817
7800.000 2.936
7810.000 3.010
7820.000 3.148
7830.000 3.289
7840.000 3.378
7850.000 3.557
7860.000 3.672
7870.000 3.899
7880.000 4.161
7890.000 4.308
7900.000 4.623
7910.000 4.807
7920.000 5.239
7930.000 5.730
7940.000 5.991
7950.000 6.747
7960.000 7.200
7970.000 8.271
7980.000 9.714
7990.000 10.624
8000.000 13.034
8010.000 14.694
8020.000 19.271
8030.000 22.440
8040.000 30.665
8050.000 36.739
8060.000 34.794
8070.000 24.436
8080.000 20.347
8090.000 14.828
8100.000 11.686
8110.000 10.573
8120.000 8.851
8130.000 8.203
8140.000 7.132
8150.000 6.298
8160.000 5.953
8170.000 5.379
8180.000 5.124
8190.000 4.691
8200.000 4.330
8210.000 4.144
8220.000 3.875
8230.000 3.743
8240.000 3.506
8250.000 3.311
8260.000 3.205
8270.000 3.034
8280.000 2.904
8290.000 2.851
8300.000 2.806
8310.000 2.711
8320.000 2.595
8330.000 2.497
8340.000 2.464
8350.000 2.381
8360.000 2.350
8370.000 2.277
8380.000 2.208
8390.000 2.188
8400.000 2.148
8410.000 2.117
8420.000 2.053
8430.000 2.014
8440.000 1.996
8450.000 1.983
8460.000 1.944
8470.000 1.905
8480.000 1.887
8490.000 1.877
8500.000 1.847
8510.000 1.841
8520.000 1.821
8530.000 1.808
8540.000 1.796
8550.000 1.781
8560.000 1.764
8570.000 1.767
8580.000 1.772
8590.000 1.767
8600.000 1.775
8610.000 1.770
8620.000 1.785
8630.000 1.797
8640.000 1.803
8650.000 1.808
8660.000 1.778
8670.000 1.684
8680.000 1.647
8690.000 1.650
8700.000 1.655
8710.000 1.667
8720.000 1.691
8730.000 1.708
8740.000 1.730
8750.000 1.752
8760.000 1.758
8770.000 1.772
8780.000 1.790
8790.000 1.812
8800.000 1.840
8810.000 1.871
8820.000 1.911
8830.000 1.928
8840.000 1.962
8850.000 2.016
8860.000 2.043
8870.000 2.081
8880.000 2.118
8890.000 2.180
8900.000 2.232
8910.000 2.272
8920.000 2.361
8930.000 2.398
8940.000 2.495
8950.000 2.535
8960.000 2.628
8970.000 2.765
8980.000 2.825
8990.000 2.971
9000.000 3.051
9010.000 3.228
9020.000 3.437
9030.000 3.536
9040.000 3.799
9050.000 4.101
9060.000 4.286
9070.000 4.675
9080.000 4.913
9090.000 5.429
9100.000 6.115
9110.000 6.463
9120.000 7.465
9130.000 8.071
9140.000 9.668
9150.000 10.660
9160.000 13.467
9170.000 17.644
9180.000 20.337
9190.000 26.053
9200.000 27.849
9210.000 24.638
9220.000 17.397
9230.000 14.896
9240.000 11.257
9250.000 9.033
9260.000 8.241
9270.000 6.938
9280.000 6.446
9290.000 5.661
9300.000 5.027
9310.000 4.751
9320.000 4.299
9330.000 4.119
9340.000 3.764
9350.000 3.615
9360.000 3.369
9370.000 3.135
9380.000 3.055
9390.000 2.854
9400.000 2.763
9410.000 2.615
9420.000 2.477
9430.000 2.414
9440.000 2.308
9450.000 2.194
9460.000 2.156
9470.000 2.116
9480.000 2.026
9490.000 1.955
9500.000 1.907
9510.000 1.866
9520.000 1.835
9530.000 1.776
9540.000 1.738
9550.000 1.703
9560.000 1.649
9570.000 1.644
9580.000 1.615
9590.000 1.563
9600.000 1.552
9610.000 1.515
9620.000 1.492
9630.000 1.478
9640.000 1.443
9650.000 1.443
9660.000 1.418
9670.000 1.398
9680.000 1.391
9690.000 1.366
9700.000 1.365
9710.000 1.346
9720.000 1.337
9730.000 1.337
9740.000 1.330
9750.000 1.303
9760.000 1.287
9770.000 1.275
9780.000 1.263
9790.000 1.268
9800.000 1.290
9810.000 1.332
9820.000 1.362
9830.000 1.385
9840.000 1.382
9850.000 1.367
9860.000 1.363
9870.000 1.363
9880.000 1.374
9890.000 1.397
9900.000 1.387
9910.000 1.399
9920.000 1.398
9930.000 1.418
9940.000 1.420
9950.000 1.456
9960.000 1.457
9970.000 1.488
9980.000 1.497
9990.000 1.532
10000.000 1.550
10010.000 1.583
10020.000 1.619
10030.000 1.637
10040.000 1.690
10050.000 1.714
10060.000 1.768
10070.000 1.826
10080.000 1.863
10090.000 1.930
10100.000 1.967
10110.000 2.055
10120.000 2.100
10130.000 2.197
10140.000 2.313
10150.000 2.373
10160.000 2.527
10170.000 2.598
10180.000 2.772
10190.000 2.982
10200.000 3.101
10210.000 3.358
10220.000 3.515
10230.000 3.851
10240.000 4.292
10250.000 4.564
10260.000 5.213
10270.000 6.069
10280.000 6.613
10290.000 8.043
10300.000 8.956
10310.000 11.428
10320.000 15.024
10330.000 17.012
10340.000 19.216
10350.000 18.258
10360.000 13.463
10370.000 11.451
10380.000 8.697
10390.000 6.939
10400.000 6.261
10410.000 5.254
10420.000 4.862
10430.000 4.231
10440.000 3.721
10450.000 3.533
10460.000 3.176
10470.000 3.027
10480.000 2.753
10490.000 2.538
10500.000 2.439
10510.000 2.290
10520.000 2.229
10530.000 2.123
10540.000 2.009
10550.000 1.978
10560.000 1.888
10570.000 1.829
10580.000 1.783
10590.000 1.710
10600.000 1.678
10610.000 1.619
10620.000 1.580
10630.000 1.530
10640.000 1.504
10650.000 1.446
10660.000 1.408
10670.000 1.354
10680.000 1.339
10690.000 1.308
10700.000 1.289
10710.000 1.251
10720.000 1.216
10730.000 1.207
10740.000 1.188
10750.000 1.164
10760.000 1.134
10770.000 1.133
10780.000 1.102
10790.000 1.098
10800.000 1.076
10810.000 1.061
10820.000 1.057
10830.000 1.046
10840.000 1.048
10850.000 1.036
10860.000 1.020
10870.000 1.009
10880.000 1.021
10890.000 1.005
10900.000 1.003
10910.000 0.997
10920.000 0.999
10930.000 1.004
10940.000 0.993
10950.000 0.999
10960.000 0.993
10970.000 0.995
10980.000 0.999
10990.000 1.000
11000.000 1.005
11010.000 1.005
11020.000 1.020
11030.000 1.024
11040.000 1.027
11050.000 1.031
11060.000 1.041
11070.000 1.053
11080.000 1.062
11090.000 1.070
11100.000 1.082
11110.000 1.103
11120.000 1.111
11130.000 1.134
11140.000 1.143
11150.000 1.175
11160.000 1.199
11170.000 1.231
11180.000 1.248
11190.000 1.275
11200.000 1.314
11210.000 1.355
11220.000 1.381
11230.000 1.430
11240.000 1.453
11250.000 1.520
11260.000 1.602
11270.000 1.635
11280.000 1.723
11290.000 1.820
11300.000 1.878
11310.000 1.959
11320.000 1.989
11330.000 2.120
11340.000 2.199
11350.000 2.370
11360.000 2.591
11370.000 2.714
11380.000 3.022
11390.000 3.193
11400.000 3.586
11410.000 4.115
11420.000 4.453
11430.000 5.287
11440.000 5.812
11450.000 7.205
11460.000 9.206
11470.000 10.365
11480.000 12.728
11490.000 12.660
11500.000 11.455
11510.000 8.658
11520.000 7.555
11530.000 5.910
11540.000 4.825
11550.000 4.395
11560.000 3.761
11570.000 3.497
11580.000 3.104
11590.000 2.765
11600.000 2.622
11610.000 2.373
11620.000 2.262
11630.000 2.080
11640.000 1.924
11650.000 1.849
11660.000 1.731
11670.000 1.671
11680.000 1.570
11690.000 1.473
11700.000 1.442
11710.000 1.361
11720.000 1.336
11730.000 1.273
11740.000 1.209
11750.000 1.190
11760.000 1.143
11770.000 1.118
11780.000 1.082
11790.000 1.063
11800.000 1.023
11810.000 0.992
11820.000 0.982
11830.000 0.957
11840.000 0.927
11850.000 0.923
11860.000 0.906
11870.000 0.892
11880.000 0.862
11890.000 0.863
11900.000 0.840
11910.000 0.833
11920.000 0.825
11930.000 0.800
11940.000 0.808
11950.000 0.789
11960.000 0.779
11970.000 0.768
11980.000 0.775
11990.000 0.764
12000.000 0.765
