110.000 0.428
120.000 0.770
130.000 0.586
140.000 0.640
150.000 0.883
160.000 0.872
170.000 0.619
180.000 0.799
190.000 0.877
200.000 1.708
210.000 1.803
220.000 1.935
230.000 2.023
240.000 3.451
250.000 3.225
260.000 3.584
270.000 4.071
280.000 3.547
290.000 4.195
300.000 4.486
310.000 5.101
320.000 5.138
330.000 5.969
340.000 5.821
350.000 10.378
360.000 9.281
370.000 19.820
380.000 24.122
390.000 40.613
400.000 49.431
410.000 41.875
420.000 21.360
430.000 19.551
440.000 20.486
450.000 17.372
460.000 15.181
470.000 15.639
480.000 15.308
490.000 12.775
500.000 11.835
510.000 11.142
520.000 9.425
530.000 10.818
540.000 8.960
550.000 7.251
560.000 6.617
570.000 5.823
580.000 5.460
590.000 5.184
600.000 4.766
610.000 4.295
620.000 4.016
630.000 3.972
640.000 3.875
650.000 3.760
660.000 3.731
670.000 3.720
680.000 3.741
690.000 4.003
700.000 4.113
710.000 4.387
720.000 4.794
730.000 5.458
740.000 6.310
750.000 7.519
760.000 11.364
770.000 18.548
780.000 22.944
790.000 13.248
800.000 8.092
810.000 4.663
820.000 3.365
830.000 3.034
840.000 2.382
850.000 1.849
860.000 1.590
870.000 1.389
880.000 1.322
890.000 1.085
900.000 1.065
910.000 0.927
920.000 0.832
930.000 0.751
940.000 0.972
950.000 1.168
960.000 0.767
970.000 0.653
980.000 0.746
990.000 0.582
1000.000 0.607
1010.000 0.843
1020.000 0.554
1030.000 0.640
1040.000 0.658
1050.000 0.677
1060.000 0.683
1070.000 0.767
1080.000 0.881
1090.000 0.960
1100.000 1.037
1110.000 1.436
1120.000 1.893
1130.000 2.316
1140.000 3.591
1150.000 5.095
1160.000 8.276
1170.000 5.098
1180.000 3.363
1190.000 2.501
1200.000 2.215
1210.000 1.712
1220.000 1.471
1230.000 1.368
1240.000 1.323
1250.000 1.296
1260.000 1.178
1270.000 1.176
1280.000 1.517
1290.000 1.202
1300.000 1.203
1310.000 1.154
1320.000 1.205
1330.000 1.208
1340.000 1.232
1350.000 1.208
1360.000 1.329
1370.000 1.330
1380.000 1.435
1390.000 1.579
1400.000 1.618
1410.000 1.813
1420.000 1.851
1430.000 2.089
1440.000 2.346
1450.000 2.561
1460.000 2.996
1470.000 3.262
1480.000 4.058
1490.000 5.186
1500.000 5.991
1510.000 8.632
1520.000 10.719
1530.000 17.563
1540.000 23.102
1550.000 19.146
1560.000 10.349
1570.000 8.488
1580.000 6.415
1590.000 5.250
1600.000 4.735
1610.000 4.086
1620.000 3.824
1630.000 3.306
1640.000 3.232
1650.000 3.100
1660.000 2.862
1670.000 2.766
1680.000 2.556
1690.000 2.397
1700.000 2.322
1710.000 2.148
1720.000 2.125
1730.000 2.031
1740.000 2.084
1750.000 2.172
1760.000 2.482
1770.000 2.645
1780.000 3.114
1790.000 3.700
1800.000 4.079
1810.000 4.768
1820.000 5.220
1830.000 6.286
1840.000 7.744
1850.000 8.611
1860.000 10.602
1870.000 12.056
1880.000 16.052
1890.000 22.108
1900.000 26.488
1910.000 36.367
1920.000 39.880
1930.000 34.741
1940.000 24.681
1950.000 21.473
1960.000 16.719
1970.000 15.204
1980.000 12.896
1990.000 11.255
2000.000 10.642
2010.000 9.799
2020.000 9.360
2030.000 8.701
2040.000 8.224
2050.000 8.058
2060.000 7.712
2070.000 7.571
2080.000 7.334
2090.000 7.200
2100.000 7.134
2110.000 7.051
2120.000 7.020
2130.000 7.034
2140.000 7.046
2150.000 7.082
2160.000 7.229
2170.000 7.318
2180.000 7.565
2190.000 7.877
2200.000 8.090
2210.000 8.603
2220.000 8.929
2230.000 9.708
2240.000 10.831
2250.000 11.522
2260.000 13.369
2270.000 14.599
2280.000 18.015
2290.000 23.156
2300.000 26.595
2310.000 33.954
2320.000 35.802
2330.000 30.477
2340.000 21.124
2350.000 17.888
2360.000 13.597
2370.000 12.043
2380.000 9.799
2390.000 8.272
2400.000 7.728
2410.000 6.782
2420.000 6.399
2430.000 5.787
2440.000 5.523
2450.000 5.103
2460.000 4.802
2470.000 4.668
2480.000 4.458
2490.000 4.349
2500.000 4.250
2510.000 4.153
2520.000 4.144
2530.000 4.138
2540.000 4.149
2550.000 4.202
2560.000 4.330
2570.000 4.400
2580.000 4.607
2590.000 4.750
2600.000 5.100
2610.000 5.577
2620.000 5.925
2630.000 6.706
2640.000 7.236
2650.000 8.734
2660.000 11.097
2670.000 12.822
2680.000 18.434
2690.000 22.604
2700.000 31.165
2710.000 23.848
2720.000 17.418
2730.000 11.358
2740.000 9.723
2750.000 7.442
2760.000 6.058
2770.000 5.556
2780.000 4.789
2790.000 4.486
2800.000 4.012
2810.000 3.642
2820.000 3.489
2830.000 3.270
2840.000 3.138
2850.000 3.011
2860.000 2.885
2870.000 2.831
2880.000 2.764
2890.000 2.745
2900.000 2.741
2910.000 2.731
2920.000 2.753
2930.000 2.814
2940.000 2.858
2950.000 2.979
2960.000 3.122
2970.000 3.240
2980.000 3.491
2990.000 3.651
3000.000 4.065
3010.000 4.646
3020.000 5.045
3030.000 6.172
3040.000 6.942
3050.000 9.270
3060.000 13.608
3070.000 17.002
3080.000 24.487
3090.000 23.942
3100.000 12.566
3110.000 8.187
3120.000 6.968
3130.000 5.366
3140.000 4.825
3150.000 4.031
3160.000 3.499
3170.000 3.287
3180.000 2.935
3190.000 2.794
3200.000 2.595
3210.000 2.412
3220.000 2.355
3230.000 2.239
3240.000 2.209
3250.000 2.150
3260.000 2.112
3270.000 2.083
3280.000 2.085
3290.000 2.095
3300.000 2.126
3310.000 2.171
3320.000 2.206
3330.000 2.301
3340.000 2.364
3350.000 2.522
3360.000 2.742
3370.000 2.873
3380.000 3.215
3390.000 3.403
3400.000 4.017
3410.000 4.877
3420.000 5.497
3430.000 7.428
3440.000 8.875
3450.000 13.701
3460.000 19.691
3470.000 19.229
3480.000 10.054
3490.000 7.997
3500.000 5.673
3510.000 4.380
3520.000 3.946
3530.000 3.293
3540.000 3.078
3550.000 2.688
3560.000 2.422
3570.000 2.290
3580.000 2.129
3590.000 2.055
3600.000 1.933
3610.000 1.853
3620.000 1.817
3630.000 1.748
3640.000 1.722
3650.000 1.719
3660.000 1.718
3670.000 1.717
3680.000 1.756
3690.000 1.758
3700.000 1.810
3710.000 1.833
3720.000 1.952
3730.000 2.070
3740.000 2.148
3750.000 2.364
3760.000 2.473
3770.000 2.795
3780.000 3.237
3790.000 3.563
3800.000 4.427
3810.000 5.053
3820.000 7.030
3830.000 10.778
3840.000 13.558
3850.000 16.706
3860.000 13.195
3870.000 6.926
3880.000 4.794
3890.000 4.161
3900.000 3.292
3910.000 2.982
3920.000 2.546
3930.000 2.222
3940.000 2.096
3950.000 1.909
3960.000 1.809
3970.000 1.686
3980.000 1.574
3990.000 1.540
4000.000 1.497
4010.000 1.472
4020.000 1.418
4030.000 1.404
4040.000 1.385
4050.000 1.399
4060.000 1.414
4070.000 1.430
4080.000 1.462
4090.000 1.505
4100.000 1.583
4110.000 1.624
4120.000 1.736
4130.000 1.881
4140.000 1.988
4150.000 2.239
4160.000 2.385
4170.000 2.808
4180.000 3.480
4190.000 3.953
4200.000 5.405
4210.000 6.556
4220.000 10.536
4230.000 13.566
4240.000 11.352
4250.000 5.937
4260.000 4.772
4270.000 3.494
4280.000 2.761
4290.000 2.522
4300.000 2.133
4310.000 1.979
4320.000 1.736
4330.000 1.550
4340.000 1.450
4350.000 1.308
4360.000 1.253
4370.000 1.179
4380.000 1.122
4390.000 1.093
4400.000 1.077
4410.000 1.072
4420.000 1.077
4430.000 1.090
4440.000 1.100
4450.000 1.128
4460.000 1.169
4470.000 1.221
4480.000 1.286
4490.000 1.344
4500.000 1.461
4510.000 1.531
4520.000 1.715
4530.000 1.937
4540.000 2.096
4550.000 2.486
4560.000 2.755
4570.000 3.562
4580.000 4.927
4590.000 6.004
4600.000 9.422
4610.000 11.466
4620.000 11.149
4630.000 6.137
4640.000 5.065
4650.000 3.788
4660.000 3.368
4670.000 2.822
4680.000 2.468
4690.000 2.342
4700.000 2.146
4710.000 2.080
4720.000 1.940
4730.000 1.849
4740.000 1.826
4750.000 1.767
4760.000 1.743
4770.000 1.708
4780.000 1.657
4790.000 1.642
4800.000 1.607
4810.000 1.579
4820.000 1.547
4830.000 1.519
4840.000 1.482
4850.000 1.461
4860.000 1.444
4870.000 1.430
4880.000 1.450
4890.000 1.508
4900.000 1.620
4910.000 1.723
4920.000 2.000
4930.000 2.208
4940.000 2.814
4950.000 3.848
4960.000 4.627
4970.000 7.140
4980.000 9.161
4990.000 14.727
5000.000 16.169
5010.000 12.902
5020.000 8.778
5030.000 7.723
5040.000 6.420
5050.000 5.682
5060.000 5.406
5070.000 5.031
5080.000 4.894
5090.000 4.686
5100.000 4.550
5110.000 4.499
5120.000 4.410
5130.000 4.382
5140.000 4.317
5150.000 4.285
5160.000 4.265
5170.000 4.227
5180.000 4.222
5190.000 4.217
5200.000 4.225
5210.000 4.235
5220.000 4.266
5230.000 4.276
5240.000 4.322
5250.000 4.319
5260.000 4.307
5270.000 4.565
5280.000 4.870
5290.000 5.635
5300.000 6.540
5310.000 7.114
5320.000 8.514
5330.000 9.445
5340.000 12.030
5350.000 16.367
5360.000 19.762
5370.000 29.824
5380.000 34.758
5390.000 29.617
5400.000 16.736
5410.000 13.324
5420.000 9.747
5430.000 8.596
5440.000 7.007
5450.000 5.879
5460.000 5.479
5470.000 4.790
5480.000 4.521
5490.000 4.093
5500.000 3.765
5510.000 3.644
5520.000 3.424
5530.000 3.351
5540.000 3.214
5550.000 3.102
5560.000 3.080
5570.000 3.030
5580.000 3.024
5590.000 3.046
5600.000 3.086
5610.000 3.120
5620.000 3.229
5630.000 3.289
5640.000 3.450
5650.000 3.683
5660.000 3.849
5670.000 4.220
5680.000 4.447
5690.000 5.047
5700.000 5.930
5710.000 6.531
5720.000 8.235
5730.000 9.486
5740.000 13.355
5750.000 19.998
5760.000 23.612
5770.000 21.812
5780.000 16.007
5790.000 9.998
5800.000 7.283
5810.000 6.414
5820.000 5.218
5830.000 4.738
5840.000 4.080
5850.000 3.608
5860.000 3.425
5870.000 3.126
5880.000 3.008
5890.000 2.801
5900.000 2.654
5910.000 2.589
5920.000 2.504
5930.000 2.477
5940.000 2.420
5950.000 2.403
5960.000 2.388
5970.000 2.405
5980.000 2.433
5990.000 2.480
6000.000 2.572
6010.000 2.637
6020.000 2.783
6030.000 2.874
6040.000 3.104
6050.000 3.252
6060.000 3.616
6070.000 4.144
6080.000 4.482
6090.000 5.378
6100.000 5.995
6110.000 7.812
6120.000 11.013
6130.000 13.477
6140.000 19.609
6150.000 21.456
6160.000 14.701
6170.000 8.992
6180.000 7.504
6190.000 5.707
6200.000 5.098
6210.000 4.214
6220.000 3.620
6230.000 3.406
6240.000 3.061
6250.000 2.905
6260.000 2.681
6270.000 2.498
6280.000 2.451
6290.000 2.309
6300.000 2.273
6310.000 2.219
6320.000 2.175
6330.000 2.165
6340.000 2.165
6350.000 2.162
6360.000 2.195
6370.000 2.250
6380.000 2.282
6390.000 2.369
6400.000 2.443
6410.000 2.592
6420.000 2.812
6430.000 2.930
6440.000 3.250
6450.000 3.449
6460.000 3.980
6470.000 4.741
6480.000 5.298
6490.000 6.831
6500.000 7.908
6510.000 11.424
6520.000 16.964
6530.000 19.181
6540.000 14.807
6550.000 10.787
6560.000 7.246
6570.000 5.448
6580.000 4.875
6590.000 4.015
6600.000 3.679
6610.000 3.219
6620.000 3.034
6630.000 2.764
6640.000 2.539
6650.000 2.450
6660.000 2.316
6670.000 2.258
6680.000 2.164
6690.000 2.102
6700.000 2.088
6710.000 2.047
6720.000 2.051
6730.000 2.040
6740.000 2.097
6750.000 2.100
6760.000 2.172
6770.000 2.214
6780.000 2.329
6790.000 2.477
6800.000 2.569
6810.000 2.804
6820.000 2.943
6830.000 3.304
6840.000 3.813
6850.000 4.126
6860.000 5.037
6870.000 5.656
6880.000 7.516
6890.000 10.751
6900.000 13.061
6910.000 17.515
6920.000 17.013
6930.000 10.460
6940.000 6.996
6950.000 5.999
6960.000 4.686
6970.000 4.238
6980.000 3.560
6990.000 3.099
7000.000 2.923
7010.000 2.643
7020.000 2.529
7030.000 2.342
7040.000 2.195
7050.000 2.146
7060.000 2.067
7070.000 2.047
7080.000 1.985
7090.000 1.953
7100.000 1.961
7110.000 1.951
7120.000 1.963
7130.000 1.992
7140.000 2.054
7150.000 2.096
7160.000 2.187
7170.000 2.262
7180.000 2.408
7190.000 2.624
7200.000 2.765
7210.000 3.103
7220.000 3.299
7230.000 3.836
7240.000 4.635
7250.000 5.188
7260.000 6.803
7270.000 8.153
7280.000 11.888
7290.000 16.405
7300.000 16.590
7310.000 10.565
7320.000 8.371
7330.000 5.941
7340.000 4.616
7350.000 4.155
7360.000 3.449
7370.000 3.197
7380.000 2.812
7390.000 2.515
7400.000 2.407
7410.000 2.230
7420.000 2.141
7430.000 2.013
7440.000 1.921
7450.000 1.879
7460.000 1.809
7470.000 1.772
7480.000 1.738
7490.000 1.741
7500.000 1.778
7510.000 1.973
7520.000 2.046
7530.000 2.150
7540.000 2.217
7550.000 2.278
7560.000 2.400
7570.000 2.488
7580.000 2.699
7590.000 3.003
7600.000 3.191
7610.000 3.689
7620.000 4.019
7630.000 4.876
7640.000 6.321
7650.000 7.344
7660.000 10.589
7670.000 12.795
7680.000 16.098
7690.000 11.664
7700.000 9.006
7710.000 6.203
7720.000 5.355
7730.000 4.236
7740.000 3.511
7750.000 3.265
7760.000 2.846
7770.000 2.684
7780.000 2.438
7790.000 2.325
7800.000 2.166
7810.000 2.035
7820.000 1.985
7830.000 1.912
7840.000 1.891
7850.000 1.837
7860.000 1.821
7870.000 1.820
7880.000 1.827
7890.000 1.834
7900.000 1.880
7910.000 1.958
7920.000 1.980
7930.000 2.099
7940.000 2.153
7950.000 2.300
7960.000 2.426
7970.000 2.558
7980.000 2.898
7990.000 3.143
8000.000 3.732
8010.000 4.580
8020.000 5.154
8030.000 6.800
8040.000 7.979
8050.000 11.479
8060.000 14.480
8070.000 13.123
8080.000 8.037
8090.000 6.656
8100.000 5.046
8110.000 3.992
8120.000 3.628
8130.000 3.055
8140.000 2.837
8150.000 2.516
8160.000 2.306
8170.000 2.226
8180.000 2.194
8190.000 2.139
8200.000 1.978
8210.000 1.881
8220.000 1.838
8230.000 1.789
8240.000 1.775
8250.000 1.754
8260.000 1.741
8270.000 1.734
8280.000 1.762
8290.000 1.802
8300.000 1.863
8310.000 1.977
8320.000 2.039
8330.000 2.194
8340.000 2.263
8350.000 2.494
8360.000 2.807
8370.000 2.993
8380.000 3.428
8390.000 3.676
8400.000 4.488
8410.000 5.925
8420.000 6.948
8430.000 9.999
8440.000 11.879
8450.000 13.686
8460.000 9.244
8470.000 7.376
8480.000 5.234
8490.000 4.589
8500.000 3.668
8510.000 3.104
8520.000 2.946
8530.000 2.662
8540.000 2.532
8550.000 2.265
8560.000 2.072
8570.000 2.002
8580.000 1.902
8590.000 1.870
8600.000 1.784
8610.000 1.757
8620.000 1.738
8630.000 1.720
8640.000 1.725
8650.000 1.738
8660.000 1.747
8670.000 1.732
8680.000 1.753
8690.000 1.807
8700.000 1.893
8710.000 2.033
8720.000 2.094
8730.000 2.300
8740.000 2.421
8750.000 2.728
8760.000 3.188
8770.000 3.482
8780.000 4.284
8790.000 4.834
8800.000 6.471
8810.000 9.062
8820.000 10.384
8830.000 12.161
8840.000 11.413
8850.000 7.568
8860.000 5.258
8870.000 4.566
8880.000 3.620
8890.000 3.282
8900.000 2.797
8910.000 2.439
8920.000 2.320
8930.000 2.086
8940.000 2.004
8950.000 1.868
8960.000 1.768
8970.000 1.716
8980.000 1.649
8990.000 1.613
9000.000 1.603
9010.000 1.601
9020.000 1.576
9030.000 1.585
9040.000 1.586
9050.000 1.615
9060.000 1.650
9070.000 1.692
9080.000 1.783
9090.000 1.849
9100.000 1.989
9110.000 2.059
9120.000 2.266
9130.000 2.549
9140.000 2.727
9150.000 3.215
9160.000 3.522
9170.000 4.402
9180.000 5.724
9190.000 6.662
9200.000 9.363
9210.000 10.805
9220.000 10.856
9230.000 7.070
9240.000 5.830
9250.000 4.302
9260.000 3.794
9270.000 3.087
9280.000 2.620
9290.000 2.445
9300.000 2.156
9310.000 2.059
9320.000 1.887
9330.000 1.743
9340.000 1.693
9350.000 1.597
9360.000 1.573
9370.000 1.512
9380.000 1.458
9390.000 1.439
9400.000 1.422
9410.000 1.425
9420.000 1.441
9430.000 1.470
9440.000 1.485
9450.000 1.535
9460.000 1.567
9470.000 1.665
9480.000 1.779
9490.000 1.854
9500.000 2.039
9510.000 2.144
9520.000 2.419
9530.000 2.834
9540.000 3.096
9550.000 3.821
9560.000 4.329
9570.000 5.904
9580.000 8.209
9590.000 9.373
9600.000 9.729
9610.000 8.344
9620.000 5.500
9630.000 3.998
9640.000 3.527
9650.000 2.856
9660.000 2.611
9670.000 2.231
9680.000 1.976
9690.000 1.873
9700.000 1.700
9710.000 1.638
9720.000 1.511
9730.000 1.436
9740.000 1.396
9750.000 1.348
9760.000 1.326
9770.000 1.281
9780.000 1.270
9790.000 1.267
9800.000 1.291
9810.000 1.321
9820.000 1.390
9830.000 1.427
9840.000 1.454
9850.000 1.534
9860.000 1.566
9870.000 1.680
9880.000 1.831
9890.000 1.923
9900.000 2.179
9910.000 2.336
9920.000 2.762
9930.000 3.396
9940.000 3.840
9950.000 5.153
9960.000 6.072
9970.000 8.198
9980.000 7.847
9990.000 6.417
10000.000 4.193
10010.000 3.537
10020.000 2.742
10030.000 2.339
10040.000 2.299
10050.000 2.229
10060.000 2.108
10070.000 1.857
10080.000 1.642
10090.000 1.575
10100.000 1.452
10110.000 1.394
10120.000 1.320
10130.000 1.258
10140.000 1.240
10150.000 1.209
10160.000 1.193
10170.000 1.177
10180.000 1.181
10190.000 1.198
10200.000 1.222
10210.000 1.239
10220.000 1.266
10230.000 1.309
10240.000 1.366
10250.000 1.469
10260.000 1.548
10270.000 1.704
10280.000 1.797
10290.000 2.069
10300.000 2.430
10310.000 2.671
10320.000 3.351
10330.000 3.818
10340.000 5.194
10350.000 7.144
10360.000 7.835
10370.000 6.682
10380.000 5.450
10390.000 3.834
10400.000 2.933
10410.000 2.612
10420.000 2.197
10430.000 2.018
10440.000 1.750
10450.000 1.559
10460.000 1.484
10470.000 1.360
10480.000 1.309
10490.000 1.226
10500.000 1.176
10510.000 1.151
10520.000 1.105
10530.000 1.077
10540.000 1.035
10550.000 1.037
10560.000 1.026
10570.000 1.039
10580.000 1.048
10590.000 1.061
10600.000 1.098
10610.000 1.133
10620.000 1.200
10630.000 1.232
10640.000 1.336
10650.000 1.469
10660.000 1.552
10670.000 1.764
10680.000 1.907
10690.000 2.236
10700.000 2.733
10710.000 3.091
10720.000 4.116
10730.000 4.807
10740.000 6.490
10750.000 7.142
10760.000 6.205
10770.000 4.185
10780.000 3.532
10790.000 2.666
10800.000 2.158
10810.000 1.983
10820.000 1.682
10830.000 1.564
10840.000 1.392
10850.000 1.274
10860.000 1.233
10870.000 1.160
10880.000 1.109
10890.000 1.048
10900.000 1.018
10910.000 1.001
10920.000 0.987
10930.000 0.981
10940.000 0.970
10950.000 0.974
10960.000 0.984
10970.000 0.998
10980.000 1.031
10990.000 1.067
11000.000 1.114
11010.000 1.153
11020.000 1.242
11030.000 1.299
11040.000 1.435
11050.000 1.627
11060.000 1.742
11070.000 2.052
11080.000 2.276
11090.000 2.875
11100.000 3.833
11110.000 4.464
11120.000 5.844
11130.000 6.358
11140.000 5.530
11150.000 3.759
11160.000 3.188
11170.000 2.417
11180.000 2.168
11190.000 1.798
11200.000 1.536
11210.000 1.447
11220.000 1.285
11230.000 1.214
11240.000 1.127
11250.000 1.037
11260.000 1.014
11270.000 0.968
11280.000 0.949
11290.000 0.917
11300.000 0.899
11310.000 0.893
11320.000 0.894
11330.000 0.904
11340.000 0.908
11350.000 0.934
11360.000 0.944
11370.000 0.978
11380.000 0.995
11390.000 1.062
11400.000 1.100
11410.000 1.197
11420.000 1.319
11430.000 1.404
11440.000 1.609
11450.000 1.735
11460.000 2.082
11470.000 2.620
11480.000 2.992
11490.000 4.026
11500.000 4.669
11510.000 5.611
11520.000 4.610
11530.000 3.784
11540.000 2.701
11550.000 2.350
11560.000 1.859
11570.000 1.546
11580.000 1.447
11590.000 1.285
11600.000 1.228
11610.000 1.135
11620.000 1.040
11630.000 0.994
11640.000 0.934
11650.000 0.909
11660.000 0.871
11670.000 0.842
11680.000 0.836
11690.000 0.816
11700.000 0.815
11710.000 0.817
11720.000 0.826
11730.000 0.827
11740.000 0.852
11750.000 0.868
11760.000 0.905
11770.000 0.952
11780.000 0.994
11790.000 1.074
11800.000 1.127
11810.000 1.263
11820.000 1.452
11830.000 1.554
11840.000 1.872
11850.000 2.072
11860.000 2.515
11870.000 2.935
11880.000 3.176
11890.000 3.949
11900.000 4.232
11910.000 3.812
11920.000 2.782
11930.000 2.414
11940.000 1.880
11950.000 1.669
11960.000 1.386
11970.000 1.210
11980.000 1.140
11990.000 1.025
12000.000 0.978
