110.000 3.902
120.000 3.376
130.000 3.424
140.000 4.950
150.000 5.468
160.000 17.425
170.000 7.367
180.000 7.968
190.000 7.165
200.000 6.541
210.000 6.962
220.000 7.363
230.000 7.056
240.000 7.569
250.000 8.542
260.000 8.089
270.000 8.323
280.000 8.011
290.000 8.792
300.000 9.276
310.000 10.982
320.000 9.138
330.000 10.487
340.000 11.533
350.000 11.293
360.000 10.793
370.000 10.926
380.000 12.247
390.000 13.465
400.000 12.476
410.000 14.385
420.000 16.284
430.000 18.924
440.000 19.460
450.000 21.161
460.000 22.497
470.000 22.768
480.000 23.206
490.000 22.501
500.000 21.507
510.000 20.712
520.000 19.370
530.000 17.575
540.000 15.339
550.000 14.590
560.000 13.282
570.000 11.939
580.000 11.323
590.000 10.161
600.000 9.171
610.000 8.777
620.000 8.851
630.000 8.664
640.000 6.812
650.000 6.434
660.000 5.845
670.000 4.941
680.000 4.882
690.000 4.507
700.000 4.292
710.000 3.864
720.000 3.706
730.000 3.414
740.000 3.242
750.000 3.098
760.000 2.880
770.000 2.658
780.000 2.572
790.000 2.359
800.000 2.323
810.000 2.085
820.000 2.078
830.000 1.877
840.000 1.788
850.000 1.708
860.000 1.611
870.000 1.539
880.000 1.372
890.000 1.309
900.000 1.198
910.000 1.119
920.000 1.067
930.000 0.958
940.000 0.842
950.000 0.802
960.000 0.848
970.000 0.828
980.000 0.827
990.000 0.792
1000.000 0.752
1010.000 0.654
1020.000 0.618
1030.000 0.659
1040.000 0.674
1050.000 0.701
1060.000 0.598
1070.000 0.632
1080.000 0.624
1090.000 0.636
1100.000 0.640
1110.000 0.627
1120.000 0.632
1130.000 0.668
1140.000 0.649
1150.000 0.712
1160.000 0.778
1170.000 0.735
1180.000 0.818
1190.000 0.806
1200.000 0.827
1210.000 0.848
1220.000 0.889
1230.000 0.969
1240.000 0.972
1250.000 0.963
1260.000 1.034
1270.000 1.037
1280.000 1.105
1290.000 1.120
1300.000 1.135
1310.000 1.214
1320.000 1.224
1330.000 1.251
1340.000 1.315
1350.000 1.342
1360.000 1.379
1370.000 1.420
1380.000 1.473
1390.000 1.515
1400.000 1.563
1410.000 1.595
1420.000 1.686
1430.000 1.672
1440.000 1.672
1450.000 1.767
1460.000 1.827
1470.000 1.853
1480.000 1.856
1490.000 2.005
1500.000 2.002
1510.000 2.027
1520.000 2.028
1530.000 2.171
1540.000 2.138
1550.000 2.229
1560.000 2.228
1570.000 2.315
1580.000 2.356
1590.000 2.363
1600.000 2.394
1610.000 2.478
1620.000 2.496
1630.000 2.515
1640.000 2.524
1650.000 2.540
1660.000 2.558
1670.000 2.525
1680.000 2.525
1690.000 2.493
1700.000 2.397
1710.000 2.296
1720.000 2.257
1730.000 2.125
1740.000 2.086
1750.000 1.994
1760.000 2.049
1770.000 2.141
1780.000 2.451
1790.000 2.650
1800.000 3.073
1810.000 3.534
1820.000 3.725
1830.000 4.116
1840.000 4.308
1850.000 4.650
1860.000 4.917
1870.000 5.076
1880.000 5.313
1890.000 5.475
1900.000 5.702
1910.000 5.902
1920.000 6.013
1930.000 6.277
1940.000 6.378
1950.000 6.588
1960.000 6.715
1970.000 6.861
1980.000 6.975
1990.000 7.101
2000.000 7.156
2010.000 7.250
2020.000 7.247
2030.000 7.352
2040.000 7.383
2050.000 7.434
2060.000 7.481
2070.000 7.490
2080.000 7.506
2090.000 7.520
2100.000 7.534
2110.000 7.529
2120.000 7.517
2130.000 7.495
2140.000 7.468
2150.000 7.434
2160.000 7.370
2170.000 7.344
2180.000 7.296
2190.000 7.273
2200.000 7.186
2210.000 7.095
2220.000 7.068
2230.000 6.947
2240.000 6.901
2250.000 6.763
2260.000 6.662
2270.000 6.613
2280.000 6.532
2290.000 6.487
2300.000 6.405
2310.000 6.327
2320.000 6.293
2330.000 6.182
2340.000 6.152
2350.000 6.061
2360.000 5.997
2370.000 5.937
2380.000 5.847
2390.000 5.796
2400.000 5.715
2410.000 5.652
2420.000 5.624
2430.000 5.573
2440.000 5.523
2450.000 5.456
2460.000 5.423
2470.000 5.385
2480.000 5.366
2490.000 5.325
2500.000 5.275
2510.000 5.227
2520.000 5.219
2530.000 5.184
2540.000 5.143
2550.000 5.111
2560.000 5.090
2570.000 5.063
2580.000 5.037
2590.000 5.035
2600.000 5.015
2610.000 4.995
2620.000 4.973
2630.000 4.954
2640.000 4.954
2650.000 4.941
2660.000 4.949
2670.000 4.926
2680.000 4.925
2690.000 4.925
2700.000 4.920
2710.000 4.898
2720.000 4.906
2730.000 4.916
2740.000 4.924
2750.000 4.935
2760.000 4.933
2770.000 4.950
2780.000 4.956
2790.000 4.965
2800.000 4.973
2810.000 5.011
2820.000 5.033
2830.000 5.034
2840.000 5.063
2850.000 5.105
2860.000 5.110
2870.000 5.149
2880.000 5.180
2890.000 5.196
2900.000 5.245
2910.000 5.249
2920.000 5.318
2930.000 5.368
2940.000 5.429
2950.000 5.457
2960.000 5.491
2970.000 5.545
2980.000 5.644
2990.000 5.657
3000.000 5.754
3010.000 5.777
3020.000 5.895
3030.000 5.985
3040.000 6.032
3050.000 6.144
3060.000 6.202
3070.000 6.325
3080.000 6.455
3090.000 6.522
3100.000 6.689
3110.000 6.738
3120.000 6.904
3130.000 7.070
3140.000 7.179
3150.000 7.381
3160.000 7.494
3170.000 7.739
3180.000 8.052
3190.000 8.101
3200.000 8.415
3210.000 8.550
3220.000 8.888
3230.000 9.263
3240.000 9.463
3250.000 9.893
3260.000 10.134
3270.000 10.626
3280.000 11.239
3290.000 11.557
3300.000 12.245
3310.000 12.629
3320.000 13.490
3330.000 14.493
3340.000 15.111
3350.000 16.395
3360.000 17.138
3370.000 18.824
3380.000 20.959
3390.000 22.210
3400.000 25.191
3410.000 27.064
3420.000 31.396
3430.000 37.326
3440.000 40.745
3450.000 49.718
3460.000 54.457
3470.000 62.990
3480.000 65.157
3490.000 62.017
3500.000 51.855
3510.000 46.465
3520.000 37.446
3530.000 30.862
3540.000 28.431
3550.000 24.122
3560.000 22.382
3570.000 19.625
3580.000 17.378
3590.000 16.437
3600.000 14.792
3610.000 14.081
3620.000 12.837
3630.000 11.755
3640.000 11.308
3650.000 10.456
3660.000 10.059
3670.000 9.357
3680.000 8.768
3690.000 8.496
3700.000 7.972
3710.000 7.740
3720.000 7.321
3730.000 6.922
3740.000 6.735
3750.000 6.393
3760.000 6.229
3770.000 5.929
3780.000 5.798
3790.000 5.547
3800.000 5.290
3810.000 5.167
3820.000 4.970
3830.000 4.862
3840.000 4.671
3850.000 4.496
3860.000 4.416
3870.000 4.242
3880.000 4.161
3890.000 4.014
3900.000 3.886
3910.000 3.820
3920.000 3.683
3930.000 3.629
3940.000 3.515
3950.000 3.405
3960.000 3.348
3970.000 3.246
3980.000 3.206
3990.000 3.122
4000.000 3.012
4010.000 2.980
4020.000 2.891
4030.000 2.857
4040.000 2.787
4050.000 2.700
4060.000 2.674
4070.000 2.606
4080.000 2.580
4090.000 2.521
4100.000 2.449
4110.000 2.423
4120.000 2.354
4130.000 2.330
4140.000 2.277
4150.000 2.236
4160.000 2.220
4170.000 2.150
4180.000 2.136
4190.000 2.092
4200.000 2.054
4210.000 2.038
4220.000 1.993
4230.000 1.981
4240.000 1.941
4250.000 1.919
4260.000 1.893
4270.000 1.858
4280.000 1.840
4290.000 1.815
4300.000 1.774
4310.000 1.753
4320.000 1.717
4330.000 1.700
4340.000 1.639
4350.000 1.549
4360.000 1.513
4370.000 1.457
4380.000 1.431
4390.000 1.407
4400.000 1.377
4410.000 1.386
4420.000 1.372
4430.000 1.355
4440.000 1.350
4450.000 1.352
4460.000 1.356
4470.000 1.352
4480.000 1.360
4490.000 1.347
4500.000 1.358
4510.000 1.356
4520.000 1.350
4530.000 1.359
4540.000 1.360
4550.000 1.355
4560.000 1.365
4570.000 1.370
4580.000 1.375
4590.000 1.397
4600.000 1.407
4610.000 1.394
4620.000 1.431
4630.000 1.450
4640.000 1.459
4650.000 1.491
4660.000 1.513
4670.000 1.535
4680.000 1.554
4690.000 1.598
4700.000 1.631
4710.000 1.662
4720.000 1.690
4730.000 1.723
4740.000 1.758
4750.000 1.779
4760.000 1.790
4770.000 1.809
4780.000 1.802
4790.000 1.786
4800.000 1.761
4810.000 1.726
4820.000 1.654
4830.000 1.620
4840.000 1.534
4850.000 1.450
4860.000 1.397
4870.000 1.315
4880.000 1.268
4890.000 1.202
4900.000 1.164
4910.000 1.162
4920.000 1.158
4930.000 1.192
4940.000 1.241
4950.000 1.281
4960.000 1.369
4970.000 1.499
4980.000 1.568
4990.000 1.761
5000.000 1.831
5010.000 2.009
5020.000 2.210
5030.000 2.309
5040.000 2.525
5050.000 2.633
5060.000 2.863
5070.000 3.084
5080.000 3.201
5090.000 3.412
5100.000 3.510
5110.000 3.703
5120.000 3.874
5130.000 3.948
5140.000 4.071
5150.000 4.124
5160.000 4.213
5170.000 4.244
5180.000 4.261
5190.000 4.269
5200.000 4.253
5210.000 4.219
5220.000 4.187
5230.000 4.146
5240.000 4.084
5250.000 4.044
5260.000 3.957
5270.000 3.866
5280.000 3.810
5290.000 3.698
5300.000 3.620
5310.000 3.450
5320.000 3.303
5330.000 3.344
5340.000 3.467
5350.000 3.511
5360.000 3.588
5370.000 3.647
5380.000 3.667
5390.000 3.689
5400.000 3.677
5410.000 3.700
5420.000 3.677
5430.000 3.662
5440.000 3.632
5450.000 3.622
5460.000 3.595
5470.000 3.543
5480.000 3.533
5490.000 3.499
5500.000 3.494
5510.000 3.448
5520.000 3.404
5530.000 3.398
5540.000 3.353
5550.000 3.337
5560.000 3.320
5570.000 3.287
5580.000 3.272
5590.000 3.248
5600.000 3.242
5610.000 3.210
5620.000 3.198
5630.000 3.194
5640.000 3.184
5650.000 3.161
5660.000 3.155
5670.000 3.128
5680.000 3.117
5690.000 3.111
5700.000 3.105
5710.000 3.095
5720.000 3.087
5730.000 3.075
5740.000 3.072
5750.000 3.063
5760.000 3.069
5770.000 3.065
5780.000 3.070
5790.000 3.066
5800.000 3.080
5810.000 3.070
5820.000 3.076
5830.000 3.080
5840.000 3.080
5850.000 3.088
5860.000 3.102
5870.000 3.106
5880.000 3.110
5890.000 3.120
5900.000 3.128
5910.000 3.156
5920.000 3.148
5930.000 3.155
5940.000 3.170
5950.000 3.181
5960.000 3.197
5970.000 3.208
5980.000 3.216
5990.000 3.246
6000.000 3.247
6010.000 3.280
6020.000 3.291
6030.000 3.319
6040.000 3.339
6050.000 3.355
6060.000 3.371
6070.000 3.408
6080.000 3.422
6090.000 3.444
6100.000 3.473
6110.000 3.503
6120.000 3.539
6130.000 3.554
6140.000 3.600
6150.000 3.619
6160.000 3.649
6170.000 3.680
6180.000 3.723
6190.000 3.772
6200.000 3.783
6210.000 3.849
6220.000 3.871
6230.000 3.922
6240.000 3.969
6250.000 4.005
6260.000 4.066
6270.000 4.099
6280.000 4.164
6290.000 4.226
6300.000 4.269
6310.000 4.339
6320.000 4.388
6330.000 4.472
6340.000 4.549
6350.000 4.596
6360.000 4.688
6370.000 4.732
6380.000 4.815
6390.000 4.938
6400.000 4.993
6410.000 5.106
6420.000 5.160
6430.000 5.295
6440.000 5.422
6450.000 5.495
6460.000 5.650
6470.000 5.711
6480.000 5.887
6490.000 6.057
6500.000 6.154
6510.000 6.338
6520.000 6.436
6530.000 6.658
6540.000 6.886
6550.000 7.006
6560.000 7.272
6570.000 7.417
6580.000 7.717
6590.000 8.028
6600.000 8.212
6610.000 8.578
6620.000 8.753
6630.000 9.191
6640.000 9.663
6650.000 9.912
6660.000 10.457
6670.000 10.760
6680.000 11.412
6690.000 12.173
6700.000 12.591
6710.000 13.493
6720.000 13.996
6730.000 15.207
6740.000 15.868
6750.000 17.351
6760.000 19.231
6770.000 20.311
6780.000 22.798
6790.000 24.279
6800.000 27.908
6810.000 32.726
6820.000 35.739
6830.000 42.939
6840.000 47.714
6850.000 59.914
6860.000 74.811
6870.000 81.272
6880.000 84.490
6890.000 79.248
6900.000 62.658
6910.000 48.679
6920.000 43.446
6930.000 35.470
6940.000 32.441
6950.000 27.557
6960.000 23.868
6970.000 22.377
6980.000 19.895
6990.000 17.883
7000.000 16.994
7010.000 15.500
7020.000 14.837
7030.000 13.672
7040.000 12.703
7050.000 12.260
7060.000 11.452
7070.000 11.083
7080.000 10.418
7090.000 9.815
7100.000 9.543
7110.000 9.048
7120.000 8.805
7130.000 8.381
7140.000 7.982
7150.000 7.797
7160.000 7.468
7170.000 7.293
7180.000 6.995
7190.000 6.697
7200.000 6.582
7210.000 6.329
7220.000 6.200
7230.000 5.975
7240.000 5.761
7250.000 5.642
7260.000 5.455
7270.000 5.362
7280.000 5.198
7290.000 5.038
7300.000 4.953
7310.000 4.805
7320.000 4.739
7330.000 4.599
7340.000 4.536
7350.000 4.415
7360.000 4.295
7370.000 4.232
7380.000 4.122
7390.000 4.062
7400.000 3.951
7410.000 3.855
7420.000 3.800
7430.000 3.702
7440.000 3.646
7450.000 3.527
7460.000 3.420
7470.000 3.361
7480.000 3.288
7490.000 3.320
7500.000 3.545
7510.000 3.596
7520.000 3.571
7530.000 3.490
7540.000 3.440
7550.000 3.349
7560.000 3.268
7570.000 3.235
7580.000 3.153
7590.000 3.130
7600.000 3.063
7610.000 3.002
7620.000 2.981
7630.000 2.933
7640.000 2.903
7650.000 2.864
7660.000 2.810
7670.000 2.782
7680.000 2.747
7690.000 2.716
7700.000 2.681
7710.000 2.637
7720.000 2.619
7730.000 2.585
7740.000 2.578
7750.000 2.536
7760.000 2.515
7770.000 2.485
7780.000 2.471
7790.000 2.441
7800.000 2.412
7810.000 2.386
7820.000 2.361
7830.000 2.336
7840.000 2.327
7850.000 2.315
7860.000 2.286
7870.000 2.263
7880.000 2.240
7890.000 2.221
7900.000 2.206
7910.000 2.182
7920.000 2.174
7930.000 2.160
7940.000 2.152
7950.000 2.179
7960.000 2.196
7970.000 2.258
7980.000 2.197
7990.000 2.174
8000.000 2.152
8010.000 2.123
8020.000 2.108
8030.000 2.086
8040.000 2.074
8050.000 2.055
8060.000 2.046
8070.000 2.031
8080.000 2.021
8090.000 2.023
8100.000 2.012
8110.000 2.003
8120.000 1.978
8130.000 1.968
8140.000 1.969
8150.000 1.954
8160.000 1.952
8170.000 1.927
8180.000 1.921
8190.000 1.921
8200.000 1.898
8210.000 1.896
8220.000 1.893
8230.000 1.891
8240.000 1.885
8250.000 1.876
8260.000 1.868
8270.000 1.858
8280.000 1.850
8290.000 1.858
8300.000 1.838
8310.000 1.831
8320.000 1.827
8330.000 1.824
8340.000 1.820
8350.000 1.814
8360.000 1.822
8370.000 1.803
8380.000 1.798
8390.000 1.798
8400.000 1.794
8410.000 1.783
8420.000 1.790
8430.000 1.794
8440.000 1.794
8450.000 1.775
8460.000 1.781
8470.000 1.761
8480.000 1.768
8490.000 1.762
8500.000 1.766
8510.000 1.760
8520.000 1.758
8530.000 1.749
8540.000 1.740
8550.000 1.748
8560.000 1.744
8570.000 1.735
8580.000 1.731
8590.000 1.746
8600.000 1.726
8610.000 1.727
8620.000 1.712
8630.000 1.716
8640.000 1.714
8650.000 1.689
8660.000 1.702
8670.000 1.703
8680.000 1.690
8690.000 1.680
8700.000 1.666
8710.000 1.674
8720.000 1.686
8730.000 1.689
8740.000 1.720
8750.000 1.715
8760.000 1.722
8770.000 1.715
8780.000 1.724
8790.000 1.717
8800.000 1.714
8810.000 1.721
8820.000 1.717
8830.000 1.718
8840.000 1.733
8850.000 1.729
8860.000 1.720
8870.000 1.727
8880.000 1.730
8890.000 1.742
8900.000 1.742
8910.000 1.742
8920.000 1.736
8930.000 1.753
8940.000 1.741
8950.000 1.740
8960.000 1.739
8970.000 1.749
8980.000 1.746
8990.000 1.749
9000.000 1.748
9010.000 1.764
9020.000 1.759
9030.000 1.759
9040.000 1.752
9050.000 1.766
9060.000 1.773
9070.000 1.761
9080.000 1.779
9090.000 1.788
9100.000 1.777
9110.000 1.790
9120.000 1.793
9130.000 1.803
9140.000 1.793
9150.000 1.809
9160.000 1.812
9170.000 1.809
9180.000 1.825
9190.000 1.832
9200.000 1.839
9210.000 1.835
9220.000 1.845
9230.000 1.851
9240.000 1.861
9250.000 1.861
9260.000 1.878
9270.000 1.881
9280.000 1.895
9290.000 1.897
9300.000 1.911
9310.000 1.914
9320.000 1.924
9330.000 1.948
9340.000 1.941
9350.000 1.959
9360.000 1.994
9370.000 1.978
9380.000 1.991
9390.000 2.005
9400.000 2.021
9410.000 2.036
9420.000 2.053
9430.000 2.051
9440.000 2.088
9450.000 2.105
9460.000 2.114
9470.000 2.127
9480.000 2.135
9490.000 2.154
9500.000 2.177
9510.000 2.195
9520.000 2.203
9530.000 2.222
9540.000 2.242
9550.000 2.273
9560.000 2.286
9570.000 2.313
9580.000 2.326
9590.000 2.360
9600.000 2.382
9610.000 2.409
9620.000 2.437
9630.000 2.437
9640.000 2.489
9650.000 2.524
9660.000 2.530
9670.000 2.559
9680.000 2.594
9690.000 2.637
9700.000 2.672
9710.000 2.691
9720.000 2.738
9730.000 2.753
9740.000 2.806
9750.000 2.853
9760.000 2.881
9770.000 2.934
9780.000 2.957
9790.000 3.013
9800.000 3.073
9810.000 3.111
9820.000 3.170
9830.000 3.208
9840.000 3.274
9850.000 3.364
9860.000 3.392
9870.000 3.479
9880.000 3.531
9890.000 3.621
9900.000 3.715
9910.000 3.763
9920.000 3.878
9930.000 3.950
9940.000 4.067
9950.000 4.195
9960.000 4.278
9970.000 4.422
9980.000 4.511
9990.000 4.681
10000.000 4.869
10010.000 4.974
10020.000 5.189
10030.000 5.288
10040.000 5.536
10050.000 5.820
10060.000 5.957
10070.000 6.290
10080.000 6.468
10090.000 6.853
10100.000 7.304
10110.000 7.553
10120.000 8.076
10130.000 8.369
10140.000 9.092
10150.000 9.882
10160.000 10.335
10170.000 11.352
10180.000 11.957
10190.000 13.386
10200.000 15.161
10210.000 16.206
10220.000 18.843
10230.000 20.378
10240.000 23.933
10250.000 28.615
10260.000 31.241
10270.000 35.809
10280.000 37.072
10290.000 35.730
10300.000 33.452
10310.000 27.817
10320.000 22.891
10330.000 20.757
10340.000 17.427
10350.000 16.113
10360.000 13.941
10370.000 12.203
10380.000 11.492
10390.000 10.265
10400.000 9.723
10410.000 8.821
10420.000 8.045
10430.000 7.713
10440.000 7.061
10450.000 6.789
10460.000 6.298
10470.000 5.885
10480.000 5.694
10490.000 5.357
10500.000 5.224
10510.000 4.949
10520.000 4.710
10530.000 4.624
10540.000 4.443
10550.000 4.363
10560.000 4.211
10570.000 4.064
10580.000 4.007
10590.000 3.863
10600.000 3.806
10610.000 3.678
10620.000 3.546
10630.000 3.482
10640.000 3.352
10650.000 3.284
10660.000 3.175
10670.000 3.044
10680.000 2.988
10690.000 2.891
10700.000 2.852
10710.000 2.754
10720.000 2.672
10730.000 2.630
10740.000 2.554
10750.000 2.529
10760.000 2.440
10770.000 2.385
10780.000 2.353
10790.000 2.286
10800.000 2.260
10810.000 2.194
10820.000 2.130
10830.000 2.118
10840.000 2.066
10850.000 2.044
10860.000 1.990
10870.000 1.950
10880.000 1.929
10890.000 1.885
10900.000 1.862
10910.000 1.819
10920.000 1.781
10930.000 1.761
10940.000 1.734
10950.000 1.708
10960.000 1.672
10970.000 1.645
10980.000 1.633
10990.000 1.598
11000.000 1.584
11010.000 1.564
11020.000 1.532
11030.000 1.511
11040.000 1.497
11050.000 1.481
11060.000 1.452
11070.000 1.431
11080.000 1.417
11090.000 1.394
11100.000 1.398
11110.000 1.369
11120.000 1.351
11130.000 1.332
11140.000 1.315
11150.000 1.307
11160.000 1.286
11170.000 1.279
11180.000 1.259
11190.000 1.237
11200.000 1.236
11210.000 1.218
11220.000 1.202
11230.000 1.191
11240.000 1.185
11250.000 1.178
11260.000 1.161
11270.000 1.149
11280.000 1.138
11290.000 1.121
11300.000 1.114
11310.000 1.104
11320.000 1.096
11330.000 1.082
11340.000 1.066
11350.000 1.059
11360.000 1.062
11370.000 1.053
11380.000 1.034
11390.000 1.031
11400.000 1.021
11410.000 1.007
11420.000 1.005
11430.000 0.992
11440.000 0.988
11450.000 0.998
11460.000 0.975
11470.000 0.971
11480.000 0.954
11490.000 0.955
11500.000 0.943
11510.000 0.941
11520.000 0.938
11530.000 0.934
11540.000 0.922
11550.000 0.924
11560.000 0.913
11570.000 0.901
11580.000 0.911
11590.000 0.895
11600.000 0.892
11610.000 0.888
11620.000 0.873
11630.000 0.863
11640.000 0.868
11650.000 0.860
11660.000 0.861
11670.000 0.850
11680.000 0.852
11690.000 0.841
11700.000 0.842
11710.000 0.840
11720.000 0.837
11730.000 0.826
11740.000 0.826
11750.000 0.819
11760.000 0.812
11770.000 0.816
11780.000 0.814
11790.000 0.810
11800.000 0.809
11810.000 0.799
11820.000 0.795
11830.000 0.791
11840.000 0.797
11850.000 0.787
11860.000 0.788
11870.000 0.785
11880.000 0.780
11890.000 0.778
11900.000 0.774
11910.000 0.781
11920.000 0.765
11930.000 0.775
11940.000 0.775
11950.000 0.761
11960.000 0.764
11970.000 0.768
11980.000 0.763
11990.000 0.767
12000.000 0.756
