110.000 0.865
120.000 0.768
130.000 0.949
140.000 0.723
150.000 0.602
160.000 1.289
170.000 0.768
180.000 1.648
190.000 0.906
200.000 1.101
210.000 1.067
220.000 1.141
230.000 1.229
240.000 1.377
250.000 1.442
260.000 1.724
270.000 1.789
280.000 2.023
290.000 2.161
300.000 2.385
310.000 2.819
320.000 2.908
330.000 3.465
340.000 4.460
350.000 4.503
360.000 6.483
370.000 6.988
380.000 8.105
390.000 11.566
400.000 12.884
410.000 21.031
420.000 27.480
430.000 45.483
440.000 69.852
450.000 74.701
460.000 51.128
470.000 42.691
480.000 32.549
490.000 24.824
500.000 21.717
510.000 17.529
520.000 15.812
530.000 12.459
540.000 10.259
550.000 9.757
560.000 8.195
570.000 7.382
580.000 6.295
590.000 5.370
600.000 5.116
610.000 4.525
620.000 4.389
630.000 4.040
640.000 3.532
650.000 3.420
660.000 3.029
670.000 2.906
680.000 2.715
690.000 2.692
700.000 2.610
710.000 2.516
720.000 2.505
730.000 2.471
740.000 2.438
750.000 2.502
760.000 2.491
770.000 2.551
780.000 2.737
790.000 2.852
800.000 2.995
810.000 3.407
820.000 3.608
830.000 4.475
840.000 5.512
850.000 6.594
860.000 9.886
870.000 12.366
880.000 14.438
890.000 5.588
900.000 4.655
910.000 3.053
920.000 2.298
930.000 1.750
940.000 1.261
950.000 1.180
960.000 1.022
970.000 0.946
980.000 0.873
990.000 0.814
1000.000 0.717
1010.000 0.679
1020.000 0.626
1030.000 0.577
1040.000 0.574
1050.000 0.554
1060.000 0.536
1070.000 0.515
1080.000 0.524
1090.000 0.517
1100.000 0.522
1110.000 0.567
1120.000 0.586
1130.000 0.635
1140.000 0.663
1150.000 0.744
1160.000 0.781
1170.000 0.865
1180.000 0.962
1190.000 1.024
1200.000 1.127
1210.000 1.327
1220.000 1.472
1230.000 1.634
1240.000 1.952
1250.000 2.469
1260.000 3.431
1270.000 4.076
1280.000 6.432
1290.000 8.120
1300.000 13.470
1310.000 12.583
1320.000 8.411
1330.000 5.013
1340.000 4.030
1350.000 3.318
1360.000 2.695
1370.000 2.692
1380.000 2.452
1390.000 2.235
1400.000 2.190
1410.000 2.150
1420.000 2.053
1430.000 1.941
1440.000 1.986
1450.000 1.942
1460.000 1.890
1470.000 1.950
1480.000 1.911
1490.000 1.947
1500.000 1.961
1510.000 2.045
1520.000 2.066
1530.000 2.155
1540.000 2.193
1550.000 2.248
1560.000 2.457
1570.000 2.514
1580.000 2.735
1590.000 2.766
1600.000 3.076
1610.000 3.379
1620.000 3.539
1630.000 3.882
1640.000 4.157
1650.000 4.832
1660.000 5.602
1670.000 6.060
1680.000 7.403
1690.000 8.290
1700.000 10.651
1710.000 14.033
1720.000 15.934
1730.000 18.089
1740.000 16.526
1750.000 10.734
1760.000 7.600
1770.000 6.877
1780.000 6.028
1790.000 5.928
1800.000 5.842
1810.000 5.787
1820.000 5.750
1830.000 5.730
1840.000 5.695
1850.000 5.659
1860.000 5.638
1870.000 5.634
1880.000 5.675
1890.000 5.696
1900.000 5.713
1910.000 5.735
1920.000 5.846
1930.000 5.969
1940.000 6.074
1950.000 6.265
1960.000 6.465
1970.000 6.551
1980.000 6.844
1990.000 7.015
2000.000 7.378
2010.000 7.772
2020.000 8.034
2030.000 8.590
2040.000 8.880
2050.000 9.613
2060.000 10.482
2070.000 10.979
2080.000 12.222
2090.000 12.980
2100.000 14.734
2110.000 17.117
2120.000 18.595
2130.000 22.293
2140.000 24.567
2150.000 30.002
2160.000 35.166
2170.000 36.427
2180.000 33.605
2190.000 30.347
2200.000 23.751
2210.000 21.059
2220.000 16.947
2230.000 14.042
2240.000 12.870
2250.000 11.044
2260.000 10.329
2270.000 9.139
2280.000 8.184
2290.000 7.795
2300.000 7.121
2310.000 6.842
2320.000 6.346
2330.000 5.970
2340.000 5.828
2350.000 5.526
2360.000 5.417
2370.000 5.233
2380.000 5.087
2390.000 5.022
2400.000 4.953
2410.000 4.947
2420.000 4.937
2430.000 4.935
2440.000 4.973
2450.000 5.076
2460.000 5.157
2470.000 5.344
2480.000 5.589
2490.000 5.791
2500.000 6.187
2510.000 6.457
2520.000 7.123
2530.000 8.023
2540.000 8.619
2550.000 10.220
2560.000 11.303
2570.000 14.453
2580.000 19.798
2590.000 23.717
2600.000 33.115
2610.000 35.339
2620.000 25.188
2630.000 15.738
2640.000 13.221
2650.000 9.925
2660.000 8.835
2670.000 7.204
2680.000 6.143
2690.000 5.686
2700.000 5.015
2710.000 4.747
2720.000 4.310
2730.000 3.944
2740.000 3.797
2750.000 3.543
2760.000 3.453
2770.000 3.273
2780.000 3.148
2790.000 3.093
2800.000 3.008
2810.000 2.963
2820.000 2.924
2830.000 2.923
2840.000 2.892
2850.000 2.945
2860.000 2.963
2870.000 3.026
2880.000 3.107
2890.000 3.170
2900.000 3.320
2910.000 3.424
2920.000 3.662
2930.000 3.979
2940.000 4.154
2950.000 4.649
2960.000 4.975
2970.000 5.758
2980.000 6.973
2990.000 7.848
3000.000 10.392
3010.000 12.320
3020.000 18.704
3030.000 27.118
3040.000 27.394
3050.000 15.220
3060.000 11.949
3070.000 8.286
3080.000 6.351
3090.000 5.708
3100.000 4.726
3110.000 4.369
3120.000 3.785
3130.000 3.366
3140.000 3.210
3150.000 2.936
3160.000 2.794
3170.000 2.622
3180.000 2.453
3190.000 2.399
3200.000 2.297
3210.000 2.265
3220.000 2.179
3230.000 2.146
3240.000 2.130
3250.000 2.112
3260.000 2.115
3270.000 2.108
3280.000 2.152
3290.000 2.167
3300.000 2.225
3310.000 2.271
3320.000 2.361
3330.000 2.492
3340.000 2.583
3350.000 2.761
3360.000 2.897
3370.000 3.203
3380.000 3.389
3390.000 3.888
3400.000 4.568
3410.000 5.035
3420.000 6.361
3430.000 7.299
3440.000 10.415
3450.000 16.018
3460.000 19.569
3470.000 19.941
3480.000 14.359
3490.000 8.444
3500.000 6.056
3510.000 5.302
3520.000 4.247
3530.000 3.904
3540.000 3.315
3550.000 2.904
3560.000 2.759
3570.000 2.488
3580.000 2.374
3590.000 2.187
3600.000 2.039
3610.000 1.991
3620.000 1.894
3630.000 1.849
3640.000 1.795
3650.000 1.749
3660.000 1.716
3670.000 1.705
3680.000 1.703
3690.000 1.700
3700.000 1.709
3710.000 1.727
3720.000 1.750
3730.000 1.772
3740.000 1.828
3750.000 1.910
3760.000 1.969
3770.000 2.083
3780.000 2.158
3790.000 2.351
3800.000 2.595
3810.000 2.767
3820.000 3.151
3830.000 3.408
3840.000 4.091
3850.000 5.176
3860.000 5.960
3870.000 8.510
3880.000 10.546
3890.000 16.208
3900.000 16.199
3910.000 11.333
3920.000 6.724
3930.000 5.598
3940.000 4.211
3950.000 3.347
3960.000 3.048
3970.000 2.622
3980.000 2.436
3990.000 2.154
4000.000 1.973
4010.000 1.873
4020.000 1.732
4030.000 1.675
4040.000 1.570
4050.000 1.501
4060.000 1.474
4070.000 1.417
4080.000 1.409
4090.000 1.365
4100.000 1.343
4110.000 1.359
4120.000 1.351
4130.000 1.349
4140.000 1.372
4150.000 1.395
4160.000 1.400
4170.000 1.455
4180.000 1.517
4190.000 1.573
4200.000 1.667
4210.000 1.742
4220.000 1.903
4230.000 1.995
4240.000 2.225
4250.000 2.573
4260.000 2.779
4270.000 3.398
4280.000 3.792
4290.000 5.024
4300.000 7.255
4310.000 8.985
4320.000 13.306
4330.000 13.997
4340.000 8.041
4350.000 4.853
4360.000 4.039
4370.000 3.021
4380.000 2.677
4390.000 2.217
4400.000 1.898
4410.000 1.784
4420.000 1.610
4430.000 1.540
4440.000 1.419
4450.000 1.332
4460.000 1.293
4470.000 1.239
4480.000 1.225
4490.000 1.195
4500.000 1.182
4510.000 1.174
4520.000 1.165
4530.000 1.160
4540.000 1.177
4550.000 1.190
4560.000 1.199
4570.000 1.242
4580.000 1.260
4590.000 1.302
4600.000 1.350
4610.000 1.427
4620.000 1.531
4630.000 1.608
4640.000 1.761
4650.000 1.871
4660.000 2.130
4670.000 2.468
4680.000 2.678
4690.000 3.227
4700.000 3.593
4710.000 4.632
4720.000 6.335
4730.000 7.655
4740.000 11.793
4750.000 14.663
4760.000 17.827
4770.000 10.570
4780.000 8.312
4790.000 5.740
4800.000 4.958
4810.000 3.839
4820.000 3.087
4830.000 2.788
4840.000 2.329
4850.000 2.127
4860.000 1.809
4870.000 1.567
4880.000 1.456
4890.000 1.319
4900.000 1.266
4910.000 1.189
4920.000 1.176
4930.000 1.178
4940.000 1.228
4950.000 1.251
4960.000 1.355
4970.000 1.479
4980.000 1.568
4990.000 1.742
5000.000 1.848
5010.000 2.080
5020.000 2.373
5030.000 2.531
5040.000 2.899
5050.000 3.106
5060.000 3.596
5070.000 4.183
5080.000 4.515
5090.000 5.336
5100.000 5.817
5110.000 6.954
5120.000 8.534
5130.000 9.528
5140.000 12.353
5150.000 14.252
5160.000 19.834
5170.000 24.007
5180.000 35.468
5190.000 41.771
5200.000 35.696
5210.000 21.231
5220.000 17.452
5230.000 12.828
5240.000 10.044
5250.000 8.997
5260.000 7.507
5270.000 6.901
5280.000 5.876
5290.000 5.015
5300.000 4.682
5310.000 4.406
5320.000 4.345
5330.000 4.218
5340.000 4.098
5350.000 4.058
5360.000 3.949
5370.000 3.901
5380.000 3.810
5390.000 3.738
5400.000 3.723
5410.000 3.696
5420.000 3.677
5430.000 3.680
5440.000 3.694
5450.000 3.720
5460.000 3.782
5470.000 3.835
5480.000 3.964
5490.000 4.162
5500.000 4.281
5510.000 4.588
5520.000 4.781
5530.000 5.271
5540.000 5.938
5550.000 6.357
5560.000 7.569
5570.000 8.403
5580.000 10.773
5590.000 14.717
5600.000 17.869
5610.000 26.452
5620.000 30.196
5630.000 24.470
5640.000 14.209
5650.000 11.683
5660.000 8.623
5670.000 7.632
5680.000 6.193
5690.000 5.229
5700.000 4.865
5710.000 4.277
5720.000 4.058
5730.000 3.669
5740.000 3.364
5750.000 3.236
5760.000 3.033
5770.000 2.957
5780.000 2.822
5790.000 2.705
5800.000 2.671
5810.000 2.601
5820.000 2.590
5830.000 2.542
5840.000 2.539
5850.000 2.537
5860.000 2.559
5870.000 2.570
5880.000 2.642
5890.000 2.714
5900.000 2.786
5910.000 2.921
5920.000 3.011
5930.000 3.203
5940.000 3.477
5950.000 3.639
5960.000 4.054
5970.000 4.287
5980.000 4.958
5990.000 5.941
6000.000 6.587
6010.000 8.470
6020.000 9.816
6030.000 14.107
6040.000 21.038
6050.000 23.965
6060.000 19.006
6070.000 13.980
6080.000 9.192
6090.000 6.840
6100.000 6.083
6110.000 4.983
6120.000 4.567
6130.000 3.961
6140.000 3.492
6150.000 3.310
6160.000 3.021
6170.000 2.904
6180.000 2.689
6190.000 2.540
6200.000 2.488
6210.000 2.382
6220.000 2.335
6230.000 2.273
6240.000 2.228
6250.000 2.204
6260.000 2.188
6270.000 2.188
6280.000 2.196
6290.000 2.224
6300.000 2.256
6310.000 2.307
6320.000 2.347
6330.000 2.450
6340.000 2.508
6350.000 2.669
6360.000 2.845
6370.000 2.985
6380.000 3.259
6390.000 3.432
6400.000 3.877
6410.000 4.507
6420.000 4.895
6430.000 6.002
6440.000 6.705
6450.000 9.124
6460.000 13.184
6470.000 16.133
6480.000 21.571
6490.000 20.561
6500.000 12.074
6510.000 8.153
6520.000 6.965
6530.000 5.436
6540.000 4.923
6550.000 4.136
6560.000 3.589
6570.000 3.382
6580.000 3.027
6590.000 2.897
6600.000 2.671
6610.000 2.491
6620.000 2.409
6630.000 2.295
6640.000 2.235
6650.000 2.160
6660.000 2.108
6670.000 2.086
6680.000 2.054
6690.000 2.063
6700.000 2.053
6710.000 2.076
6720.000 2.087
6730.000 2.112
6740.000 2.150
6750.000 2.219
6760.000 2.317
6770.000 2.376
6780.000 2.540
6790.000 2.616
6800.000 2.824
6810.000 3.120
6820.000 3.282
6830.000 3.722
6840.000 4.006
6850.000 4.735
6860.000 5.833
6870.000 6.582
6880.000 8.877
6890.000 10.604
6900.000 15.506
6910.000 19.543
6920.000 18.005
6930.000 10.485
6940.000 8.561
6950.000 6.297
6960.000 4.981
6970.000 4.518
6980.000 3.826
6990.000 3.554
7000.000 3.152
7010.000 2.836
7020.000 2.701
7030.000 2.507
7040.000 2.418
7050.000 2.273
7060.000 2.162
7070.000 2.121
7080.000 2.048
7090.000 2.023
7100.000 1.988
7110.000 1.954
7120.000 1.951
7130.000 1.940
7140.000 1.944
7150.000 1.987
7160.000 2.022
7170.000 2.046
7180.000 2.100
7190.000 2.154
7200.000 2.253
7210.000 2.387
7220.000 2.475
7230.000 2.685
7240.000 2.811
7250.000 3.096
7260.000 3.519
7270.000 3.775
7280.000 4.477
7290.000 4.933
7300.000 6.232
7310.000 8.362
7320.000 9.932
7330.000 14.591
7340.000 17.107
7350.000 16.747
7360.000 10.086
7370.000 8.231
7380.000 5.987
7390.000 5.306
7400.000 4.278
7410.000 3.607
7420.000 3.349
7430.000 2.938
7440.000 2.768
7450.000 2.487
7460.000 2.264
7470.000 2.172
7480.000 2.010
7490.000 1.958
7500.000 2.018
7510.000 2.116
7520.000 2.104
7530.000 2.049
7540.000 2.011
7550.000 1.978
7560.000 1.963
7570.000 1.958
7580.000 1.964
7590.000 1.985
7600.000 2.013
7610.000 2.050
7620.000 2.127
7630.000 2.225
7640.000 2.293
7650.000 2.435
7660.000 2.516
7670.000 2.746
7680.000 3.059
7690.000 3.240
7700.000 3.727
7710.000 4.035
7720.000 4.852
7730.000 6.155
7740.000 7.120
7750.000 9.879
7760.000 11.972
7770.000 16.523
7780.000 15.342
7790.000 11.905
7800.000 7.747
7810.000 6.594
7820.000 5.053
7830.000 4.109
7840.000 3.767
7850.000 3.255
7860.000 3.038
7870.000 2.722
7880.000 2.467
7890.000 2.361
7900.000 2.206
7910.000 2.135
7920.000 2.012
7930.000 1.918
7940.000 1.910
7950.000 1.956
7960.000 1.878
7970.000 1.756
7980.000 1.751
7990.000 1.746
8000.000 1.849
8010.000 1.867
8020.000 1.893
8030.000 1.941
8040.000 1.953
8050.000 2.000
8060.000 2.043
8070.000 2.177
8080.000 2.340
8090.000 2.449
8100.000 2.712
8110.000 2.871
8120.000 3.269
8130.000 3.516
8140.000 3.664
8150.000 4.471
8160.000 5.031
8170.000 6.548
8180.000 9.160
8190.000 11.046
8200.000 15.137
8210.000 15.765
8220.000 11.124
8230.000 7.311
8240.000 6.238
8250.000 4.824
8260.000 4.317
8270.000 3.599
8280.000 3.115
8290.000 2.916
8300.000 2.608
8310.000 2.489
8320.000 2.277
8330.000 2.116
8340.000 2.043
8350.000 1.904
8360.000 1.852
8370.000 1.797
8380.000 1.765
8390.000 1.751
8400.000 1.728
8410.000 1.710
8420.000 1.714
8430.000 1.725
8440.000 1.725
8450.000 1.758
8460.000 1.763
8470.000 1.832
8480.000 1.903
8490.000 1.950
8500.000 2.094
8510.000 2.187
8520.000 2.342
8530.000 2.548
8540.000 2.671
8550.000 2.990
8560.000 3.188
8570.000 3.721
8580.000 4.499
8590.000 5.056
8600.000 6.580
8610.000 7.690
8620.000 10.852
8630.000 13.701
8640.000 13.098
8650.000 8.451
8660.000 7.182
8670.000 6.322
8680.000 4.999
8690.000 4.413
8700.000 3.607
8710.000 3.289
8720.000 2.833
8730.000 2.671
8740.000 2.403
8750.000 2.204
8760.000 2.107
8770.000 1.972
8780.000 1.937
8790.000 1.833
8800.000 1.769
8810.000 1.743
8820.000 1.701
8830.000 1.675
8840.000 1.651
8850.000 1.567
8860.000 1.564
8870.000 1.594
8880.000 1.617
8890.000 1.651
8900.000 1.703
8910.000 1.735
8920.000 1.814
8930.000 1.874
8940.000 1.977
8950.000 2.136
8960.000 2.233
8970.000 2.463
8980.000 2.597
8990.000 2.948
9000.000 3.458
9010.000 3.783
9020.000 4.660
9030.000 5.283
9040.000 7.048
9050.000 9.786
9060.000 11.508
9070.000 13.213
9080.000 11.743
9090.000 7.543
9100.000 5.399
9110.000 4.710
9120.000 3.756
9130.000 3.412
9140.000 2.902
9150.000 2.535
9160.000 2.388
9170.000 2.171
9180.000 2.078
9190.000 1.912
9200.000 1.802
9210.000 1.734
9220.000 1.663
9230.000 1.625
9240.000 1.580
9250.000 1.531
9260.000 1.518
9270.000 1.482
9280.000 1.482
9290.000 1.474
9300.000 1.495
9310.000 1.506
9320.000 1.528
9330.000 1.558
9340.000 1.617
9350.000 1.690
9360.000 1.727
9370.000 1.852
9380.000 1.901
9390.000 2.066
9400.000 2.277
9410.000 2.420
9420.000 2.747
9430.000 2.956
9440.000 3.502
9450.000 4.333
9460.000 4.925
9470.000 6.556
9480.000 7.652
9490.000 10.319
9500.000 11.494
9510.000 10.171
9520.000 6.640
9530.000 5.551
9540.000 4.172
9550.000 3.367
9560.000 3.073
9570.000 2.606
9580.000 2.436
9590.000 2.167
9600.000 1.944
9610.000 1.868
9620.000 1.729
9630.000 1.679
9640.000 1.572
9650.000 1.508
9660.000 1.473
9670.000 1.416
9680.000 1.408
9690.000 1.387
9700.000 1.365
9710.000 1.375
9720.000 1.371
9730.000 1.362
9740.000 1.354
9750.000 1.375
9760.000 1.392
9770.000 1.437
9780.000 1.471
9790.000 1.549
9800.000 1.648
9810.000 1.697
9820.000 1.846
9830.000 1.930
9840.000 2.157
9850.000 2.462
9860.000 2.654
9870.000 3.141
9880.000 3.492
9890.000 4.443
9900.000 5.179
9910.000 7.109
9920.000 9.309
9930.000 9.610
9940.000 7.166
9950.000 5.752
9960.000 4.039
9970.000 3.211
9980.000 3.016
9990.000 2.779
10000.000 2.593
10010.000 2.219
10020.000 1.939
10030.000 1.841
10040.000 1.659
10050.000 1.582
10060.000 1.475
10070.000 1.373
10080.000 1.341
10090.000 1.283
10100.000 1.265
10110.000 1.214
10120.000 1.180
10130.000 1.173
10140.000 1.167
10150.000 1.162
10160.000 1.176
10170.000 1.180
10180.000 1.188
10190.000 1.203
10200.000 1.236
10210.000 1.278
10220.000 1.319
10230.000 1.368
10240.000 1.489
10250.000 1.579
10260.000 1.782
10270.000 1.994
10280.000 2.108
10290.000 2.414
10300.000 2.614
10310.000 3.171
10320.000 3.997
10330.000 4.592
10340.000 6.286
10350.000 7.285
10360.000 8.634
10370.000 6.837
10380.000 5.576
10390.000 3.950
10400.000 3.435
10410.000 2.714
10420.000 2.257
10430.000 2.068
10440.000 1.804
10450.000 1.702
10460.000 1.524
10470.000 1.387
10480.000 1.352
10490.000 1.255
10500.000 1.232
10510.000 1.179
10520.000 1.146
10530.000 1.121
10540.000 1.098
10550.000 1.095
10560.000 1.067
10570.000 1.068
10580.000 1.068
10590.000 1.074
10600.000 1.065
10610.000 1.089
10620.000 1.113
10630.000 1.139
10640.000 1.185
10650.000 1.217
10660.000 1.268
10670.000 1.359
10680.000 1.421
10690.000 1.536
10700.000 1.615
10710.000 1.829
10720.000 2.091
10730.000 2.274
10740.000 2.744
10750.000 3.058
10760.000 3.941
10770.000 5.353
10780.000 6.222
10790.000 7.735
10800.000 7.647
10810.000 5.570
10820.000 3.950
10830.000 3.407
10840.000 2.663
10850.000 2.408
10860.000 2.008
10870.000 1.744
10880.000 1.635
10890.000 1.465
10900.000 1.410
10910.000 1.270
10920.000 1.192
10930.000 1.171
10940.000 1.091
10950.000 1.083
10960.000 1.034
10970.000 0.997
10980.000 0.986
10990.000 0.972
11000.000 0.967
11010.000 0.966
11020.000 0.971
11030.000 0.977
11040.000 0.984
11050.000 1.002
11060.000 1.046
11070.000 1.088
11080.000 1.108
11090.000 1.162
11100.000 1.205
11110.000 1.289
11120.000 1.320
11130.000 1.448
11140.000 1.630
11150.000 1.752
11160.000 2.062
11170.000 2.247
11180.000 2.787
11190.000 3.637
11200.000 4.221
11210.000 5.714
11220.000 6.431
11230.000 6.510
11240.000 4.640
11250.000 3.886
11260.000 2.891
11270.000 2.559
11280.000 2.070
11290.000 1.759
11300.000 1.639
11310.000 1.435
11320.000 1.362
11330.000 1.246
11340.000 1.150
11350.000 1.098
11360.000 1.044
11370.000 1.013
11380.000 0.961
11390.000 0.933
11400.000 0.919
11410.000 0.882
11420.000 0.863
11430.000 0.842
11440.000 0.838
11450.000 0.840
11460.000 0.850
11470.000 0.856
11480.000 0.880
11490.000 0.914
11500.000 0.932
11510.000 0.984
11520.000 1.011
11530.000 1.088
11540.000 1.163
11550.000 1.218
11560.000 1.348
11570.000 1.436
11580.000 1.645
11590.000 1.922
11600.000 2.123
11610.000 2.627
11620.000 2.967
11630.000 3.949
11640.000 5.219
11650.000 5.730
11660.000 5.341
11670.000 4.513
11680.000 3.142
11690.000 2.708
11700.000 2.108
11710.000 1.725
11720.000 1.578
11730.000 1.375
11740.000 1.295
11750.000 1.183
11760.000 1.075
11770.000 1.030
11780.000 0.960
11790.000 0.933
11800.000 0.885
11810.000 0.841
11820.000 0.827
11830.000 0.800
11840.000 0.799
11850.000 0.775
11860.000 0.773
11870.000 0.764
11880.000 0.771
11890.000 0.777
11900.000 0.785
11910.000 0.814
11920.000 0.814
11930.000 0.853
11940.000 0.868
11950.000 0.916
11960.000 0.980
11970.000 1.021
11980.000 1.121
11990.000 1.171
12000.000 1.321
