110.000 1.140
120.000 1.282
130.000 1.791
140.000 3.034
150.000 0.935
160.000 0.884
170.000 0.668
180.000 1.008
190.000 2.297
200.000 4.734
210.000 8.446
220.000 7.907
230.000 9.999
240.000 6.176
250.000 11.125
260.000 10.608
270.000 13.656
280.000 8.252
290.000 6.499
300.000 6.776
310.000 8.007
320.000 6.513
330.000 8.403
340.000 14.751
350.000 21.445
360.000 35.132
370.000 24.274
380.000 18.008
390.000 12.653
400.000 11.404
410.000 10.412
420.000 9.737
430.000 9.229
440.000 9.475
450.000 9.390
460.000 9.828
470.000 10.615
480.000 10.078
490.000 9.189
500.000 8.661
510.000 7.931
520.000 7.605
530.000 7.469
540.000 6.901
550.000 6.725
560.000 6.391
570.000 6.252
580.000 5.785
590.000 6.382
600.000 9.090
610.000 5.901
620.000 6.163
630.000 5.905
640.000 6.702
650.000 7.030
660.000 8.452
670.000 11.029
680.000 12.714
690.000 20.194
700.000 27.097
710.000 32.953
720.000 10.757
730.000 8.164
740.000 5.285
750.000 4.665
760.000 3.338
770.000 2.920
780.000 2.780
790.000 2.777
800.000 4.082
810.000 1.862
820.000 1.513
830.000 2.143
840.000 1.311
850.000 1.208
860.000 1.176
870.000 1.018
880.000 1.031
890.000 0.961
900.000 0.917
910.000 0.891
920.000 0.783
930.000 1.057
940.000 0.793
950.000 1.677
960.000 0.791
970.000 1.063
980.000 1.030
990.000 1.311
1000.000 1.476
1010.000 2.062
1020.000 2.709
1030.000 3.574
1040.000 6.126
1050.000 7.149
1060.000 2.949
1070.000 1.751
1080.000 1.288
1090.000 1.199
1100.000 1.072
1110.000 0.998
1120.000 1.079
1130.000 0.922
1140.000 0.787
1150.000 1.500
1160.000 2.568
1170.000 1.022
1180.000 0.741
1190.000 0.739
1200.000 0.744
1210.000 0.779
1220.000 0.818
1230.000 0.876
1240.000 0.909
1250.000 0.939
1260.000 1.076
1270.000 1.138
1280.000 1.241
1290.000 1.303
1300.000 1.444
1310.000 1.768
1320.000 2.035
1330.000 2.294
1340.000 3.033
1350.000 3.559
1360.000 5.230
1370.000 9.014
1380.000 12.150
1390.000 17.350
1400.000 13.180
1410.000 6.346
1420.000 4.543
1430.000 4.007
1440.000 3.353
1450.000 3.097
1460.000 2.740
1470.000 2.549
1480.000 2.469
1490.000 2.328
1500.000 2.322
1510.000 2.228
1520.000 2.200
1530.000 2.161
1540.000 2.211
1550.000 2.205
1560.000 2.245
1570.000 2.310
1580.000 2.444
1590.000 2.557
1600.000 2.687
1610.000 2.837
1620.000 2.939
1630.000 3.195
1640.000 3.586
1650.000 3.831
1660.000 4.372
1670.000 4.766
1680.000 5.702
1690.000 7.130
1700.000 8.081
1710.000 10.992
1720.000 12.874
1730.000 16.463
1740.000 13.363
1750.000 10.174
1760.000 6.880
1770.000 6.148
1780.000 5.400
1790.000 5.140
1800.000 5.119
1810.000 5.086
1820.000 5.095
1830.000 5.020
1840.000 5.079
1850.000 5.085
1860.000 5.163
1870.000 5.171
1880.000 5.312
1890.000 5.415
1900.000 5.518
1910.000 5.740
1920.000 5.826
1930.000 6.194
1940.000 6.576
1950.000 6.839
1960.000 7.405
1970.000 7.795
1980.000 8.634
1990.000 9.709
2000.000 10.353
2010.000 11.989
2020.000 13.100
2030.000 15.803
2040.000 19.687
2050.000 22.162
2060.000 28.185
2070.000 31.433
2080.000 34.744
2090.000 30.416
2100.000 26.717
2110.000 20.602
2120.000 18.173
2130.000 14.894
2140.000 12.518
2150.000 11.784
2160.000 10.352
2170.000 9.428
2180.000 8.500
2190.000 7.889
2200.000 7.713
2210.000 7.083
2220.000 6.827
2230.000 6.528
2240.000 6.272
2250.000 6.208
2260.000 6.091
2270.000 6.070
2280.000 6.040
2290.000 6.127
2300.000 6.172
2310.000 6.382
2320.000 6.518
2330.000 6.896
2340.000 7.373
2350.000 7.792
2360.000 8.747
2370.000 9.326
2380.000 11.057
2390.000 13.698
2400.000 15.597
2410.000 21.329
2420.000 25.210
2430.000 33.400
2440.000 28.709
2450.000 22.283
2460.000 14.671
2470.000 12.449
2480.000 9.527
2490.000 7.727
2500.000 7.085
2510.000 6.064
2520.000 5.686
2530.000 5.055
2540.000 4.656
2550.000 4.471
2560.000 4.170
2570.000 4.062
2580.000 3.878
2590.000 3.757
2600.000 3.704
2610.000 3.697
2620.000 3.671
2630.000 3.703
2640.000 3.790
2650.000 3.853
2660.000 4.029
2670.000 4.166
2680.000 4.491
2690.000 4.920
2700.000 5.221
2710.000 6.003
2720.000 6.595
2730.000 8.131
2740.000 9.253
2750.000 12.758
2760.000 19.225
2770.000 23.741
2780.000 27.515
2790.000 21.336
2800.000 11.758
2810.000 8.191
2820.000 7.123
2830.000 5.681
2840.000 5.158
2850.000 4.377
2860.000 3.857
2870.000 3.644
2880.000 3.288
2890.000 3.164
2900.000 2.954
2910.000 2.810
2920.000 2.764
2930.000 2.676
2940.000 2.628
2950.000 2.601
2960.000 2.596
2970.000 2.634
2980.000 2.674
2990.000 2.718
3000.000 2.851
3010.000 3.013
3020.000 3.126
3030.000 3.436
3040.000 3.614
3050.000 4.123
3060.000 4.871
3070.000 5.387
3080.000 6.928
3090.000 8.080
3100.000 11.881
3110.000 18.722
3120.000 22.101
3130.000 16.699
3140.000 11.372
3150.000 7.327
3160.000 5.413
3170.000 4.792
3180.000 3.936
3190.000 3.630
3200.000 3.152
3210.000 2.806
3220.000 2.673
3230.000 2.457
3240.000 2.390
3250.000 2.232
3260.000 2.163
3270.000 2.115
3280.000 2.079
3290.000 2.065
3300.000 2.050
3310.000 2.086
3320.000 2.106
3330.000 2.175
3340.000 2.221
3350.000 2.370
3360.000 2.432
3370.000 2.656
3380.000 2.953
3390.000 3.154
3400.000 3.673
3410.000 4.021
3420.000 5.037
3430.000 6.753
3440.000 8.122
3450.000 12.565
3460.000 15.662
3470.000 17.608
3480.000 8.992
3490.000 7.167
3500.000 5.067
3510.000 4.430
3520.000 3.551
3530.000 2.991
3540.000 2.778
3550.000 2.451
3560.000 2.316
3570.000 2.129
3580.000 1.968
3590.000 1.913
3600.000 1.840
3610.000 1.800
3620.000 1.765
3630.000 1.728
3640.000 1.727
3650.000 1.745
3660.000 1.755
3670.000 1.793
3680.000 1.862
3690.000 1.906
3700.000 2.037
3710.000 2.209
3720.000 2.332
3730.000 2.617
3740.000 2.803
3750.000 3.328
3760.000 4.133
3770.000 4.711
3780.000 6.568
3790.000 8.087
3800.000 12.898
3810.000 15.460
3820.000 11.679
3830.000 6.242
3840.000 5.125
3850.000 3.790
3860.000 3.012
3870.000 2.754
3880.000 2.357
3890.000 2.208
3900.000 1.965
3910.000 1.861
3920.000 1.704
3930.000 1.610
3940.000 1.571
3950.000 1.504
3960.000 1.485
3970.000 1.454
3980.000 1.422
3990.000 1.433
4000.000 1.453
4010.000 1.471
4020.000 1.532
4030.000 1.582
4040.000 1.632
4050.000 1.755
4060.000 1.824
4070.000 2.027
4080.000 2.332
4090.000 2.511
4100.000 3.042
4110.000 3.412
4120.000 4.525
4130.000 6.659
4140.000 8.343
4150.000 12.459
4160.000 12.732
4170.000 6.689
4180.000 4.317
4190.000 3.667
4200.000 2.837
4210.000 2.551
4220.000 2.124
4230.000 1.849
4240.000 1.759
4250.000 1.583
4260.000 1.509
4270.000 1.410
4280.000 1.326
4290.000 1.303
4300.000 1.262
4310.000 1.241
4320.000 1.204
4330.000 1.190
4340.000 1.183
4350.000 1.157
4360.000 1.158
4370.000 1.173
4380.000 1.244
4390.000 1.284
4400.000 1.402
4410.000 1.494
4420.000 1.684
4430.000 1.976
4440.000 2.181
4450.000 2.706
4460.000 3.150
4470.000 4.364
4480.000 6.753
4490.000 8.490
4500.000 10.588
4510.000 8.467
4520.000 4.685
4530.000 3.879
4540.000 2.889
4550.000 2.341
4560.000 2.130
4570.000 1.853
4580.000 1.759
4590.000 1.584
4600.000 1.455
4610.000 1.411
4620.000 1.358
4630.000 1.344
4640.000 1.323
4650.000 1.335
4660.000 1.335
4670.000 1.361
4680.000 1.378
4690.000 1.458
4700.000 1.540
4710.000 1.584
4720.000 1.741
4730.000 1.808
4740.000 2.000
4750.000 2.241
4760.000 2.393
4770.000 2.755
4780.000 2.987
4790.000 3.597
4800.000 4.525
4810.000 5.192
4820.000 7.259
4830.000 8.843
4840.000 12.575
4850.000 10.225
4860.000 6.869
4870.000 4.127
4880.000 3.411
4890.000 2.509
4900.000 2.013
4910.000 1.824
4920.000 1.620
4930.000 1.561
4940.000 1.501
4950.000 1.485
4960.000 1.506
4970.000 1.578
4980.000 1.629
4990.000 1.724
5000.000 1.889
5010.000 1.960
5020.000 2.154
5030.000 2.274
5040.000 2.535
5050.000 2.863
5060.000 3.044
5070.000 3.487
5080.000 3.747
5090.000 4.340
5100.000 5.140
5110.000 5.645
5120.000 6.849
5130.000 7.630
5140.000 9.718
5150.000 13.009
5160.000 15.432
5170.000 22.746
5180.000 27.984
5190.000 35.949
5200.000 24.223
5210.000 18.422
5220.000 12.543
5230.000 10.793
5240.000 8.435
5250.000 6.905
5260.000 6.344
5270.000 5.434
5280.000 5.072
5290.000 4.436
5300.000 3.891
5310.000 3.727
5320.000 3.680
5330.000 3.681
5340.000 3.698
5350.000 3.725
5360.000 3.727
5370.000 3.777
5380.000 3.804
5390.000 3.889
5400.000 4.003
5410.000 4.100
5420.000 4.317
5430.000 4.450
5440.000 4.797
5450.000 5.304
5460.000 5.629
5470.000 6.492
5480.000 7.083
5490.000 8.794
5500.000 11.691
5510.000 13.969
5520.000 21.020
5530.000 25.392
5540.000 25.958
5550.000 14.121
5560.000 11.322
5570.000 8.100
5580.000 7.093
5590.000 5.695
5600.000 4.798
5610.000 4.431
5620.000 3.918
5630.000 3.732
5640.000 3.405
5650.000 3.164
5660.000 3.076
5670.000 2.915
5680.000 2.848
5690.000 2.777
5700.000 2.757
5710.000 2.728
5720.000 2.748
5730.000 2.766
5740.000 2.831
5750.000 2.889
5760.000 3.017
5770.000 3.219
5780.000 3.359
5790.000 3.690
5800.000 3.905
5810.000 4.473
5820.000 5.319
5830.000 5.900
5840.000 7.614
5850.000 8.882
5860.000 12.981
5870.000 19.365
5880.000 21.578
5890.000 15.263
5900.000 11.275
5910.000 7.579
5920.000 5.723
5930.000 5.108
5940.000 4.232
5950.000 3.907
5960.000 3.414
5970.000 3.060
5980.000 2.921
5990.000 2.717
6000.000 2.621
6010.000 2.495
6020.000 2.386
6030.000 2.362
6040.000 2.309
6050.000 2.303
6060.000 2.309
6070.000 2.344
6080.000 2.388
6090.000 2.483
6100.000 2.529
6110.000 2.676
6120.000 2.886
6130.000 3.013
6140.000 3.370
6150.000 3.585
6160.000 4.178
6170.000 5.082
6180.000 5.700
6190.000 7.611
6200.000 9.027
6210.000 13.486
6220.000 18.681
6230.000 18.240
6240.000 10.516
6250.000 8.404
6260.000 5.962
6270.000 4.670
6280.000 4.217
6290.000 3.543
6300.000 3.298
6310.000 2.941
6320.000 2.666
6330.000 2.559
6340.000 2.395
6350.000 2.331
6360.000 2.223
6370.000 2.160
6380.000 2.140
6390.000 2.126
6400.000 2.129
6410.000 2.141
6420.000 2.202
6430.000 2.246
6440.000 2.333
6450.000 2.401
6460.000 2.569
6470.000 2.805
6480.000 2.940
6490.000 3.320
6500.000 3.566
6510.000 4.265
6520.000 5.280
6530.000 6.017
6540.000 8.331
6550.000 10.085
6560.000 15.061
6570.000 16.926
6580.000 13.652
6590.000 8.046
6600.000 6.668
6610.000 5.010
6620.000 4.034
6630.000 3.685
6640.000 3.180
6650.000 2.981
6660.000 2.668
6670.000 2.443
6680.000 2.359
6690.000 2.231
6700.000 2.184
6710.000 2.092
6720.000 2.051
6730.000 2.049
6740.000 2.035
6750.000 2.050
6760.000 2.081
6770.000 2.150
6780.000 2.171
6790.000 2.293
6800.000 2.361
6810.000 2.566
6820.000 2.820
6830.000 2.975
6840.000 3.421
6850.000 3.709
6860.000 4.486
6870.000 5.726
6880.000 6.757
6890.000 9.639
6900.000 11.730
6910.000 15.800
6920.000 15.199
6930.000 9.143
6940.000 6.207
6950.000 5.353
6960.000 4.185
6970.000 3.804
6980.000 3.256
6990.000 2.850
7000.000 2.696
7010.000 2.447
7020.000 2.346
7030.000 2.187
7040.000 2.084
7050.000 2.052
7060.000 1.990
7070.000 1.968
7080.000 1.954
7090.000 1.946
7100.000 1.958
7110.000 2.011
7120.000 2.057
7130.000 2.135
7140.000 2.274
7150.000 2.347
7160.000 2.568
7170.000 2.688
7180.000 3.039
7190.000 3.542
7200.000 3.860
7210.000 4.761
7220.000 5.435
7230.000 7.404
7240.000 10.755
7250.000 12.967
7260.000 15.277
7270.000 12.987
7280.000 7.727
7290.000 5.435
7300.000 4.742
7310.000 3.790
7320.000 3.459
7330.000 2.967
7340.000 2.610
7350.000 2.468
7360.000 2.263
7370.000 2.182
7380.000 2.028
7390.000 1.943
7400.000 1.896
7410.000 1.850
7420.000 1.827
7430.000 1.793
7440.000 1.800
7450.000 1.824
7460.000 1.852
7470.000 1.868
7480.000 1.925
7490.000 2.161
7500.000 2.364
7510.000 2.791
7520.000 2.938
7530.000 3.335
7540.000 3.903
7550.000 4.298
7560.000 5.320
7570.000 6.110
7580.000 8.511
7590.000 12.386
7600.000 14.298
7610.000 12.863
7620.000 9.803
7630.000 6.365
7640.000 4.717
7650.000 4.166
7660.000 3.434
7670.000 3.150
7680.000 2.742
7690.000 2.445
7700.000 2.336
7710.000 2.172
7720.000 2.094
7730.000 1.972
7740.000 1.899
7750.000 1.875
7760.000 1.844
7770.000 1.822
7780.000 1.826
7790.000 1.858
7800.000 1.877
7810.000 1.945
7820.000 1.979
7830.000 2.104
7840.000 2.261
7850.000 2.346
7860.000 2.615
7870.000 2.789
7880.000 3.239
7890.000 3.919
7900.000 4.369
7910.000 5.718
7920.000 6.722
7930.000 9.450
7940.000 11.561
7950.000 11.273
7960.000 9.456
7970.000 7.587
7980.000 5.164
7990.000 3.961
8000.000 3.560
8010.000 3.056
8020.000 2.930
8030.000 2.594
8040.000 2.308
8050.000 2.201
8060.000 2.019
8070.000 1.933
8080.000 1.861
8090.000 1.814
8100.000 1.780
8110.000 1.742
8120.000 1.748
8130.000 1.840
8140.000 1.908
8150.000 1.944
8160.000 2.007
8170.000 2.062
8180.000 2.208
8190.000 2.296
8200.000 2.560
8210.000 2.768
8220.000 2.877
8230.000 3.352
8240.000 3.709
8250.000 4.721
8260.000 6.384
8270.000 7.566
8280.000 10.069
8290.000 10.288
8300.000 6.885
8310.000 6.552
8320.000 6.735
8330.000 4.975
8340.000 4.312
8350.000 3.419
8360.000 2.878
8370.000 2.676
8380.000 2.370
8390.000 2.261
8400.000 2.075
8410.000 1.953
8420.000 1.918
8430.000 1.831
8440.000 1.798
8450.000 1.765
8460.000 1.743
8470.000 1.754
8480.000 1.781
8490.000 1.802
8500.000 1.863
8510.000 1.962
8520.000 2.039
8530.000 2.120
8540.000 2.138
8550.000 2.337
8560.000 2.675
8570.000 2.874
8580.000 3.453
8590.000 3.817
8600.000 4.935
8610.000 6.825
8620.000 8.129
8630.000 10.856
8640.000 11.001
8650.000 7.380
8660.000 5.358
8670.000 5.145
8680.000 4.244
8690.000 3.715
8700.000 3.008
8710.000 2.563
8720.000 2.398
8730.000 2.144
8740.000 2.052
8750.000 1.899
8760.000 1.782
8770.000 1.737
8780.000 1.665
8790.000 1.636
8800.000 1.636
8810.000 1.657
8820.000 1.670
8830.000 1.687
8840.000 1.710
8850.000 1.755
8860.000 1.859
8870.000 1.922
8880.000 2.048
8890.000 2.152
8900.000 2.396
8910.000 2.750
8920.000 2.985
8930.000 3.613
8940.000 4.048
8950.000 5.266
8960.000 7.022
8970.000 8.169
8980.000 10.677
8990.000 10.746
9000.000 7.317
9010.000 4.998
9020.000 4.282
9030.000 3.374
9040.000 3.049
9050.000 2.594
9060.000 2.247
9070.000 2.142
9080.000 1.938
9090.000 1.869
9100.000 1.746
9110.000 1.666
9120.000 1.631
9130.000 1.534
9140.000 1.524
9150.000 1.500
9160.000 1.499
9170.000 1.515
9180.000 1.555
9190.000 1.576
9200.000 1.655
9210.000 1.744
9220.000 1.807
9230.000 1.972
9240.000 2.075
9250.000 2.331
9260.000 2.514
9270.000 2.992
9280.000 3.688
9290.000 4.116
9300.000 5.246
9310.000 6.093
9320.000 8.525
9330.000 9.785
9340.000 8.642
9350.000 5.571
9360.000 4.653
9370.000 3.497
9380.000 2.798
9390.000 2.555
9400.000 2.198
9410.000 2.057
9420.000 1.860
9430.000 1.684
9440.000 1.643
9450.000 1.545
9460.000 1.496
9470.000 1.449
9480.000 1.430
9490.000 1.422
9500.000 1.422
9510.000 1.428
9520.000 1.433
9530.000 1.480
9540.000 1.508
9550.000 1.587
9560.000 1.628
9570.000 1.741
9580.000 1.920
9590.000 2.017
9600.000 2.319
9610.000 2.485
9620.000 2.983
9630.000 3.754
9640.000 4.290
9650.000 5.870
9660.000 6.966
9670.000 8.981
9680.000 7.928
9690.000 6.439
9700.000 4.347
9710.000 3.743
9720.000 2.914
9730.000 2.398
9740.000 2.213
9750.000 1.932
9760.000 1.818
9770.000 1.650
9780.000 1.516
9790.000 1.467
9800.000 1.395
9810.000 1.366
9820.000 1.315
9830.000 1.292
9840.000 1.286
9850.000 1.307
9860.000 1.308
9870.000 1.337
9880.000 1.363
9890.000 1.377
9900.000 1.448
9910.000 1.508
9920.000 1.635
9930.000 1.713
9940.000 1.937
9950.000 2.242
9960.000 2.435
9970.000 3.002
9980.000 3.379
9990.000 4.517
10000.000 6.244
10010.000 7.188
10020.000 7.404
10030.000 6.227
10040.000 4.046
10050.000 2.939
10060.000 2.586
10070.000 2.086
10080.000 1.940
10090.000 1.812
10100.000 1.724
10110.000 1.638
10120.000 1.473
10130.000 1.363
10140.000 1.303
10150.000 1.244
10160.000 1.218
10170.000 1.184
10180.000 1.159
10190.000 1.145
10200.000 1.152
10210.000 1.162
10220.000 1.192
10230.000 1.228
10240.000 1.261
10250.000 1.341
10260.000 1.385
10270.000 1.507
10280.000 1.681
10290.000 1.796
10300.000 2.138
10310.000 2.383
10320.000 3.010
10330.000 3.926
10340.000 4.585
10350.000 6.209
10360.000 6.870
10370.000 6.287
10380.000 4.202
10390.000 3.540
10400.000 2.639
10410.000 2.346
10420.000 1.933
10430.000 1.648
10440.000 1.549
10450.000 1.377
10460.000 1.318
10470.000 1.215
10480.000 1.175
10490.000 1.123
10500.000 1.085
10510.000 1.071
10520.000 1.043
10530.000 1.025
10540.000 1.021
10550.000 1.043
10560.000 1.053
10570.000 1.096
10580.000 1.135
10590.000 1.179
10600.000 1.273
10610.000 1.309
10620.000 1.442
10630.000 1.529
10640.000 1.734
10650.000 2.020
10660.000 2.214
10670.000 2.769
10680.000 3.153
10690.000 4.283
10700.000 5.830
10710.000 6.433
10720.000 5.775
10730.000 4.757
10740.000 3.226
10750.000 2.447
10760.000 2.190
10770.000 1.818
10780.000 1.669
10790.000 1.469
10800.000 1.315
10810.000 1.258
10820.000 1.164
10830.000 1.126
10840.000 1.072
10850.000 1.027
10860.000 1.025
10870.000 1.008
10880.000 0.991
10890.000 0.998
10900.000 1.008
10910.000 1.027
10920.000 1.058
10930.000 1.084
10940.000 1.153
10950.000 1.245
10960.000 1.300
10970.000 1.452
10980.000 1.540
10990.000 1.774
11000.000 2.083
11010.000 2.319
11020.000 3.020
11030.000 3.509
11040.000 4.888
11050.000 5.461
11060.000 5.606
11070.000 3.932
11080.000 3.271
11090.000 2.417
11100.000 2.140
11110.000 1.754
11120.000 1.495
11130.000 1.394
11140.000 1.221
11150.000 1.182
11160.000 1.086
11170.000 1.019
11180.000 0.986
11190.000 0.946
11200.000 0.938
11210.000 0.919
11220.000 0.902
11230.000 0.897
11240.000 0.875
11250.000 0.896
11260.000 0.927
11270.000 0.962
11280.000 0.997
11290.000 1.069
11300.000 1.107
11310.000 1.220
11320.000 1.376
11330.000 1.483
11340.000 1.751
11350.000 1.970
11360.000 2.469
11370.000 3.293
11380.000 3.832
11390.000 5.012
11400.000 5.253
11410.000 4.256
11420.000 2.910
11430.000 2.554
11440.000 1.943
11450.000 1.740
11460.000 1.452
11470.000 1.249
11480.000 1.178
11490.000 1.078
11500.000 1.051
11510.000 0.966
11520.000 0.912
11530.000 0.884
11540.000 0.862
11550.000 0.844
11560.000 0.830
11570.000 0.828
11580.000 0.822
11590.000 0.841
11600.000 0.844
11610.000 0.886
11620.000 0.920
11630.000 0.950
11640.000 1.026
11650.000 1.086
11660.000 1.203
11670.000 1.369
11680.000 1.488
11690.000 1.795
11700.000 1.996
11710.000 2.530
11720.000 3.131
11730.000 3.374
11740.000 3.832
11750.000 3.993
11760.000 3.420
11770.000 2.474
11780.000 2.136
11790.000 1.682
11800.000 1.529
11810.000 1.279
11820.000 1.126
11830.000 1.062
11840.000 0.972
11850.000 0.928
11860.000 0.863
11870.000 0.817
11880.000 0.799
11890.000 0.771
11900.000 0.762
11910.000 0.754
11920.000 0.762
11930.000 0.767
11940.000 0.780
11950.000 0.791
11960.000 0.832
11970.000 0.880
11980.000 0.907
11990.000 0.959
12000.000 0.991
