110.000 0.734
120.000 0.872
130.000 0.837
140.000 0.970
150.000 1.724
160.000 1.181
170.000 1.687
180.000 1.054
190.000 1.480
200.000 1.558
210.000 1.600
220.000 1.555
230.000 1.609
240.000 1.617
250.000 1.681
260.000 1.679
270.000 2.117
280.000 2.323
290.000 2.216
300.000 2.507
310.000 2.298
320.000 2.478
330.000 2.756
340.000 3.020
350.000 3.317
360.000 3.399
370.000 3.847
380.000 4.288
390.000 4.456
400.000 5.055
410.000 5.235
420.000 5.887
430.000 7.001
440.000 7.436
450.000 8.646
460.000 8.987
470.000 9.592
480.000 9.038
490.000 10.161
500.000 10.151
510.000 10.333
520.000 10.275
530.000 9.961
540.000 9.987
550.000 9.868
560.000 9.802
570.000 9.612
580.000 9.530
590.000 9.126
600.000 9.763
610.000 9.857
620.000 10.392
630.000 10.709
640.000 11.476
650.000 13.248
660.000 14.318
670.000 18.007
680.000 21.079
690.000 29.903
700.000 44.464
710.000 46.212
720.000 23.267
730.000 17.599
740.000 11.738
750.000 7.856
760.000 6.934
770.000 5.315
780.000 4.837
790.000 4.142
800.000 3.192
810.000 2.902
820.000 2.509
830.000 2.483
840.000 2.133
850.000 1.752
860.000 1.659
870.000 1.554
880.000 1.544
890.000 1.212
900.000 1.052
910.000 1.065
920.000 0.918
930.000 0.869
940.000 0.744
950.000 0.677
960.000 0.647
970.000 0.661
980.000 0.635
990.000 0.617
1000.000 0.579
1010.000 0.577
1020.000 0.524
1030.000 0.542
1040.000 0.524
1050.000 0.513
1060.000 0.504
1070.000 0.517
1080.000 0.515
1090.000 0.457
1100.000 0.504
1110.000 0.540
1120.000 0.583
1130.000 0.593
1140.000 0.648
1150.000 0.669
1160.000 0.732
1170.000 0.764
1180.000 0.877
1190.000 0.925
1200.000 1.041
1210.000 1.052
1220.000 1.208
1230.000 1.286
1240.000 1.363
1250.000 1.563
1260.000 1.708
1270.000 1.953
1280.000 2.154
1290.000 2.500
1300.000 3.036
1310.000 3.294
1320.000 4.096
1330.000 4.746
1340.000 6.150
1350.000 8.603
1360.000 10.451
1370.000 16.912
1380.000 20.840
1390.000 23.124
1400.000 13.999
1410.000 10.764
1420.000 7.820
1430.000 7.045
1440.000 5.981
1450.000 5.134
1460.000 4.880
1470.000 4.360
1480.000 4.131
1490.000 3.771
1500.000 3.580
1510.000 3.452
1520.000 3.305
1530.000 3.199
1540.000 3.067
1550.000 2.972
1560.000 2.964
1570.000 2.884
1580.000 2.870
1590.000 2.795
1600.000 2.784
1610.000 2.720
1620.000 2.696
1630.000 2.669
1640.000 2.657
1650.000 2.601
1660.000 2.560
1670.000 2.496
1680.000 2.485
1690.000 2.410
1700.000 2.289
1710.000 2.211
1720.000 2.116
1730.000 2.042
1740.000 2.015
1750.000 2.078
1760.000 2.251
1770.000 2.556
1780.000 2.733
1790.000 3.144
1800.000 3.393
1810.000 3.872
1820.000 4.352
1830.000 4.607
1840.000 5.125
1850.000 5.409
1860.000 5.975
1870.000 6.584
1880.000 6.904
1890.000 7.606
1900.000 7.920
1910.000 8.666
1920.000 9.753
1930.000 10.158
1940.000 11.571
1950.000 11.604
1960.000 13.329
1970.000 14.972
1980.000 15.892
1990.000 18.202
2000.000 19.331
2010.000 22.160
2020.000 25.721
2030.000 27.515
2040.000 32.202
2050.000 34.427
2060.000 38.377
2070.000 40.450
2080.000 40.393
2090.000 38.256
2100.000 36.353
2110.000 31.942
2120.000 27.941
2130.000 25.799
2140.000 22.423
2150.000 20.949
2160.000 18.420
2170.000 16.385
2180.000 15.488
2190.000 13.935
2200.000 13.257
2210.000 12.035
2220.000 11.032
2230.000 10.551
2240.000 9.727
2250.000 9.362
2260.000 8.707
2270.000 8.116
2280.000 7.844
2290.000 7.368
2300.000 7.142
2310.000 6.759
2320.000 6.410
2330.000 6.268
2340.000 6.023
2350.000 5.843
2360.000 5.607
2370.000 5.397
2380.000 5.283
2390.000 5.144
2400.000 5.043
2410.000 4.910
2420.000 4.781
2430.000 4.749
2440.000 4.664
2450.000 4.633
2460.000 4.561
2470.000 4.522
2480.000 4.497
2490.000 4.480
2500.000 4.465
2510.000 4.478
2520.000 4.494
2530.000 4.526
2540.000 4.572
2550.000 4.598
2560.000 4.678
2570.000 4.777
2580.000 4.864
2590.000 5.003
2600.000 5.102
2610.000 5.283
2620.000 5.538
2630.000 5.661
2640.000 6.022
2650.000 6.217
2660.000 6.673
2670.000 7.291
2680.000 7.625
2690.000 8.504
2700.000 9.060
2710.000 10.430
2720.000 12.419
2730.000 13.728
2740.000 17.169
2750.000 19.976
2760.000 27.430
2770.000 37.665
2780.000 41.127
2790.000 34.000
2800.000 26.913
2810.000 18.233
2820.000 13.621
2830.000 12.021
2840.000 9.696
2850.000 8.853
2860.000 7.548
2870.000 6.550
2880.000 6.145
2890.000 5.472
2900.000 5.190
2910.000 4.710
2920.000 4.314
2930.000 4.116
2940.000 3.822
2950.000 3.696
2960.000 3.464
2970.000 3.368
2980.000 3.187
2990.000 3.015
3000.000 2.945
3010.000 2.826
3020.000 2.781
3030.000 2.683
3040.000 2.598
3050.000 2.542
3060.000 2.486
3070.000 2.467
3080.000 2.407
3090.000 2.363
3100.000 2.338
3110.000 2.317
3120.000 2.303
3130.000 2.287
3140.000 2.283
3150.000 2.283
3160.000 2.283
3170.000 2.279
3180.000 2.292
3190.000 2.329
3200.000 2.335
3210.000 2.368
3220.000 2.379
3230.000 2.448
3240.000 2.504
3250.000 2.536
3260.000 2.617
3270.000 2.676
3280.000 2.806
3290.000 2.930
3300.000 3.005
3310.000 3.183
3320.000 3.277
3330.000 3.526
3340.000 3.817
3350.000 4.012
3360.000 4.418
3370.000 4.666
3380.000 5.298
3390.000 6.188
3400.000 6.655
3410.000 8.025
3420.000 9.098
3430.000 11.927
3440.000 16.893
3450.000 20.356
3460.000 28.703
3470.000 30.014
3480.000 19.735
3490.000 12.541
3500.000 10.595
3510.000 8.044
3520.000 7.156
3530.000 5.845
3540.000 5.362
3550.000 4.621
3560.000 4.062
3570.000 3.850
3580.000 3.449
3590.000 3.276
3600.000 2.984
3610.000 2.775
3620.000 2.671
3630.000 2.494
3640.000 2.400
3650.000 2.283
3660.000 2.171
3670.000 2.112
3680.000 2.009
3690.000 1.965
3700.000 1.898
3710.000 1.841
3720.000 1.802
3730.000 1.736
3740.000 1.719
3750.000 1.685
3760.000 1.657
3770.000 1.631
3780.000 1.614
3790.000 1.607
3800.000 1.574
3810.000 1.597
3820.000 1.578
3830.000 1.565
3840.000 1.569
3850.000 1.578
3860.000 1.581
3870.000 1.608
3880.000 1.610
3890.000 1.627
3900.000 1.669
3910.000 1.686
3920.000 1.715
3930.000 1.773
3940.000 1.787
3950.000 1.847
3960.000 1.925
3970.000 1.963
3980.000 2.059
3990.000 2.109
4000.000 2.237
4010.000 2.393
4020.000 2.488
4030.000 2.690
4040.000 2.790
4050.000 3.089
4060.000 3.477
4070.000 3.713
4080.000 4.300
4090.000 4.666
4100.000 5.680
4110.000 7.260
4120.000 8.519
4130.000 12.333
4140.000 15.134
4150.000 21.341
4160.000 17.989
4170.000 13.142
4180.000 8.570
4190.000 7.248
4200.000 5.528
4210.000 4.453
4220.000 4.064
4230.000 3.591
4240.000 3.222
4250.000 2.847
4260.000 2.542
4270.000 2.415
4280.000 2.209
4290.000 2.116
4300.000 1.956
4310.000 1.817
4320.000 1.760
4330.000 1.629
4340.000 1.587
4350.000 1.456
4360.000 1.344
4370.000 1.313
4380.000 1.237
4390.000 1.209
4400.000 1.171
4410.000 1.155
4420.000 1.136
4430.000 1.114
4440.000 1.115
4450.000 1.115
4460.000 1.105
4470.000 1.110
4480.000 1.128
4490.000 1.122
4500.000 1.127
4510.000 1.149
4520.000 1.167
4530.000 1.168
4540.000 1.168
4550.000 1.209
4560.000 1.236
4570.000 1.266
4580.000 1.301
4590.000 1.330
4600.000 1.388
4610.000 1.460
4620.000 1.497
4630.000 1.580
4640.000 1.642
4650.000 1.756
4660.000 1.897
4670.000 1.975
4680.000 2.164
4690.000 2.259
4700.000 2.502
4710.000 2.810
4720.000 2.995
4730.000 3.387
4740.000 3.622
4750.000 4.160
4760.000 4.497
4770.000 5.291
4780.000 6.368
4790.000 7.069
4800.000 8.955
4810.000 10.278
4820.000 14.208
4830.000 19.988
4840.000 22.218
4850.000 17.384
4860.000 12.615
4870.000 7.830
4880.000 5.507
4890.000 4.747
4900.000 3.774
4910.000 3.449
4920.000 2.979
4930.000 2.727
4940.000 2.652
4950.000 2.561
4960.000 2.560
4970.000 2.559
4980.000 2.627
4990.000 2.667
5000.000 2.761
5010.000 2.814
5020.000 2.932
5030.000 3.067
5040.000 3.134
5050.000 3.283
5060.000 3.348
5070.000 3.499
5080.000 3.637
5090.000 3.707
5100.000 3.840
5110.000 3.900
5120.000 3.999
5130.000 4.088
5140.000 4.114
5150.000 4.170
5160.000 4.183
5170.000 4.203
5180.000 4.190
5190.000 4.176
5200.000 4.125
5210.000 4.077
5220.000 3.953
5230.000 3.692
5240.000 3.613
5250.000 3.746
5260.000 3.863
5270.000 4.117
5280.000 4.353
5290.000 4.474
5300.000 4.685
5310.000 4.779
5320.000 4.961
5330.000 5.128
5340.000 5.227
5350.000 5.429
5360.000 5.549
5370.000 5.826
5380.000 6.146
5390.000 6.330
5400.000 6.754
5410.000 6.996
5420.000 7.585
5430.000 8.320
5440.000 8.796
5450.000 9.920
5460.000 10.652
5470.000 12.480
5480.000 15.246
5490.000 17.201
5500.000 22.929
5510.000 27.165
5520.000 39.525
5530.000 48.761
5540.000 43.835
5550.000 26.112
5560.000 21.298
5570.000 15.350
5580.000 11.947
5590.000 10.755
5600.000 8.845
5610.000 8.176
5620.000 7.080
5630.000 6.235
5640.000 5.903
5650.000 5.315
5660.000 5.066
5670.000 4.631
5680.000 4.304
5690.000 4.155
5700.000 3.871
5710.000 3.734
5720.000 3.541
5730.000 3.354
5740.000 3.270
5750.000 3.140
5760.000 3.063
5770.000 2.954
5780.000 2.847
5790.000 2.800
5800.000 2.729
5810.000 2.700
5820.000 2.629
5830.000 2.592
5840.000 2.566
5850.000 2.538
5860.000 2.521
5870.000 2.501
5880.000 2.495
5890.000 2.489
5900.000 2.487
5910.000 2.501
5920.000 2.517
5930.000 2.510
5940.000 2.537
5950.000 2.580
5960.000 2.593
5970.000 2.649
5980.000 2.677
5990.000 2.757
6000.000 2.842
6010.000 2.890
6020.000 2.998
6030.000 3.067
6040.000 3.228
6050.000 3.397
6060.000 3.503
6070.000 3.737
6080.000 3.861
6090.000 4.184
6100.000 4.570
6110.000 4.787
6120.000 5.324
6130.000 5.618
6140.000 6.447
6150.000 7.551
6160.000 8.259
6170.000 10.221
6180.000 11.559
6190.000 15.544
6200.000 22.312
6210.000 26.947
6220.000 34.068
6230.000 31.348
6240.000 19.074
6250.000 13.043
6260.000 11.227
6270.000 8.782
6280.000 7.926
6290.000 6.604
6300.000 5.697
6310.000 5.318
6320.000 4.732
6330.000 4.476
6340.000 4.046
6350.000 3.716
6360.000 3.561
6370.000 3.308
6380.000 3.215
6390.000 3.008
6400.000 2.852
6410.000 2.780
6420.000 2.655
6430.000 2.594
6440.000 2.500
6450.000 2.418
6460.000 2.375
6470.000 2.305
6480.000 2.273
6490.000 2.222
6500.000 2.184
6510.000 2.170
6520.000 2.119
6530.000 2.134
6540.000 2.094
6550.000 2.088
6560.000 2.090
6570.000 2.076
6580.000 2.087
6590.000 2.097
6600.000 2.109
6610.000 2.132
6620.000 2.156
6630.000 2.166
6640.000 2.212
6650.000 2.261
6660.000 2.290
6670.000 2.353
6680.000 2.388
6690.000 2.479
6700.000 2.571
6710.000 2.630
6720.000 2.755
6730.000 2.818
6740.000 2.989
6750.000 3.182
6760.000 3.288
6770.000 3.554
6780.000 3.703
6790.000 4.064
6800.000 4.515
6810.000 4.764
6820.000 5.417
6830.000 5.827
6840.000 6.858
6850.000 8.333
6860.000 9.342
6870.000 12.208
6880.000 14.274
6890.000 20.335
6900.000 27.695
6910.000 28.849
6920.000 20.762
6930.000 16.529
6940.000 11.495
6950.000 8.778
6960.000 7.878
6970.000 6.478
6980.000 5.966
6990.000 5.138
7000.000 4.548
7010.000 4.292
7020.000 3.862
7030.000 3.677
7040.000 3.381
7050.000 3.142
7060.000 3.038
7070.000 2.853
7080.000 2.773
7090.000 2.612
7100.000 2.544
7110.000 2.446
7120.000 2.340
7130.000 2.313
7140.000 2.228
7150.000 2.187
7160.000 2.132
7170.000 2.091
7180.000 2.068
7190.000 2.023
7200.000 2.011
7210.000 1.975
7220.000 1.944
7230.000 1.944
7240.000 1.921
7250.000 1.937
7260.000 1.921
7270.000 1.913
7280.000 1.919
7290.000 1.931
7300.000 1.946
7310.000 1.985
7320.000 1.988
7330.000 2.009
7340.000 2.039
7350.000 2.068
7360.000 2.125
7370.000 2.188
7380.000 2.220
7390.000 2.276
7400.000 2.335
7410.000 2.430
7420.000 2.540
7430.000 2.604
7440.000 2.769
7450.000 2.842
7460.000 3.041
7470.000 3.236
7480.000 3.383
7490.000 3.871
7500.000 4.299
7510.000 5.149
7520.000 6.003
7530.000 6.497
7540.000 7.757
7550.000 8.640
7560.000 11.037
7570.000 14.948
7580.000 17.857
7590.000 24.501
7600.000 26.810
7610.000 21.581
7620.000 13.762
7630.000 11.599
7640.000 8.708
7650.000 7.730
7660.000 6.319
7670.000 5.321
7680.000 4.946
7690.000 4.310
7700.000 4.077
7710.000 3.686
7720.000 3.342
7730.000 3.209
7740.000 2.963
7750.000 2.871
7760.000 2.691
7770.000 2.533
7780.000 2.470
7790.000 2.358
7800.000 2.303
7810.000 2.213
7820.000 2.117
7830.000 2.092
7840.000 2.035
7850.000 1.994
7860.000 1.931
7870.000 1.912
7880.000 1.884
7890.000 1.855
7900.000 1.838
7910.000 1.808
7920.000 1.789
7930.000 1.785
7940.000 1.793
7950.000 1.833
7960.000 1.831
7970.000 1.855
7980.000 1.866
7990.000 1.865
8000.000 1.869
8010.000 1.887
8020.000 1.919
8030.000 1.941
8040.000 1.970
8050.000 1.984
8060.000 2.051
8070.000 2.239
8080.000 2.309
8090.000 2.390
8100.000 2.449
8110.000 2.569
8120.000 2.726
8130.000 2.818
8140.000 3.019
8150.000 3.145
8160.000 3.431
8170.000 3.747
8180.000 3.984
8190.000 4.478
8200.000 4.780
8210.000 5.437
8220.000 6.282
8230.000 6.860
8240.000 8.579
8250.000 9.799
8260.000 13.295
8270.000 18.727
8280.000 22.001
8290.000 22.441
8300.000 18.762
8310.000 12.474
8320.000 10.511
8330.000 7.936
8340.000 6.377
8350.000 5.828
8360.000 4.983
8370.000 4.626
8380.000 4.092
8390.000 3.666
8400.000 3.495
8410.000 3.179
8420.000 3.016
8430.000 2.770
8440.000 2.580
8450.000 2.503
8460.000 2.358
8470.000 2.314
8480.000 2.189
8490.000 2.106
8500.000 2.067
8510.000 1.987
8520.000 1.951
8530.000 1.887
8540.000 1.835
8550.000 1.829
8560.000 1.775
8570.000 1.750
8580.000 1.727
8590.000 1.696
8600.000 1.703
8610.000 1.687
8620.000 1.682
8630.000 1.677
8640.000 1.665
8650.000 1.681
8660.000 1.707
8670.000 1.732
8680.000 1.757
8690.000 1.786
8700.000 1.784
8710.000 1.808
8720.000 1.830
8730.000 1.877
8740.000 1.937
8750.000 1.956
8760.000 2.017
8770.000 2.057
8780.000 2.160
8790.000 2.271
8800.000 2.324
8810.000 2.456
8820.000 2.538
8830.000 2.717
8840.000 2.942
8850.000 3.056
8860.000 3.363
8870.000 3.527
8880.000 4.015
8890.000 4.577
8900.000 4.936
8910.000 5.880
8920.000 6.487
8930.000 8.013
8940.000 10.337
8950.000 11.729
8960.000 14.428
8970.000 15.602
8980.000 17.220
8990.000 14.173
9000.000 11.776
9010.000 8.501
9020.000 7.346
9030.000 5.848
9040.000 4.877
9050.000 4.495
9060.000 3.904
9070.000 3.664
9080.000 3.268
9090.000 2.955
9100.000 2.830
9110.000 2.606
9120.000 2.505
9130.000 2.340
9140.000 2.182
9150.000 2.125
9160.000 2.029
9170.000 1.982
9180.000 1.886
9190.000 1.810
9200.000 1.794
9210.000 1.734
9220.000 1.705
9230.000 1.676
9240.000 1.631
9250.000 1.614
9260.000 1.595
9270.000 1.592
9280.000 1.584
9290.000 1.533
9300.000 1.473
9310.000 1.418
9320.000 1.414
9330.000 1.419
9340.000 1.430
9350.000 1.452
9360.000 1.460
9370.000 1.459
9380.000 1.489
9390.000 1.519
9400.000 1.530
9410.000 1.568
9420.000 1.585
9430.000 1.633
9440.000 1.689
9450.000 1.719
9460.000 1.785
9470.000 1.827
9480.000 1.907
9490.000 1.967
9500.000 2.083
9510.000 2.217
9520.000 2.298
9530.000 2.465
9540.000 2.565
9550.000 2.824
9560.000 3.128
9570.000 3.320
9580.000 3.768
9590.000 4.067
9600.000 4.782
9610.000 5.837
9620.000 6.534
9630.000 8.448
9640.000 9.771
9650.000 12.911
9660.000 14.522
9670.000 13.809
9680.000 11.535
9690.000 10.340
9700.000 7.602
9710.000 5.829
9720.000 5.196
9730.000 4.286
9740.000 3.935
9750.000 3.393
9760.000 2.973
9770.000 2.792
9780.000 2.525
9790.000 2.401
9800.000 2.199
9810.000 2.038
9820.000 1.977
9830.000 1.850
9840.000 1.788
9850.000 1.682
9860.000 1.616
9870.000 1.570
9880.000 1.511
9890.000 1.471
9900.000 1.421
9910.000 1.382
9920.000 1.357
9930.000 1.327
9940.000 1.306
9950.000 1.272
9960.000 1.253
9970.000 1.249
9980.000 1.220
9990.000 1.219
10000.000 1.200
10010.000 1.195
10020.000 1.191
10030.000 1.187
10040.000 1.179
10050.000 1.183
10060.000 1.172
10070.000 1.180
10080.000 1.250
10090.000 1.301
10100.000 1.402
10110.000 1.413
10120.000 1.445
10130.000 1.479
10140.000 1.503
10150.000 1.540
10160.000 1.578
10170.000 1.632
10180.000 1.732
10190.000 1.756
10200.000 1.881
10210.000 1.934
10220.000 2.084
10230.000 2.268
10240.000 2.376
10250.000 2.649
10260.000 2.802
10270.000 3.213
10280.000 3.746
10290.000 4.066
10300.000 4.946
10310.000 5.512
10320.000 7.127
10330.000 9.582
10340.000 11.046
10350.000 13.168
10360.000 12.707
10370.000 9.251
10380.000 6.632
10390.000 5.747
10400.000 4.513
10410.000 4.079
10420.000 3.391
10430.000 2.912
10440.000 2.719
10450.000 2.409
10460.000 2.284
10470.000 2.078
10480.000 1.910
10490.000 1.831
10500.000 1.703
10510.000 1.658
10520.000 1.589
10530.000 1.506
10540.000 1.445
10550.000 1.346
10560.000 1.320
10570.000 1.245
10580.000 1.199
10590.000 1.192
10600.000 1.145
10610.000 1.128
10620.000 1.114
10630.000 1.093
10640.000 1.090
10650.000 1.073
10660.000 1.076
10670.000 1.074
10680.000 1.067
10690.000 1.068
10700.000 1.067
10710.000 1.075
10720.000 1.071
10730.000 1.087
10740.000 1.075
10750.000 1.086
10760.000 1.104
10770.000 1.105
10780.000 1.121
10790.000 1.145
10800.000 1.171
10810.000 1.187
10820.000 1.215
10830.000 1.257
10840.000 1.288
10850.000 1.342
10860.000 1.385
10870.000 1.458
10880.000 1.546
10890.000 1.584
10900.000 1.709
10910.000 1.768
10920.000 1.925
10930.000 2.114
10940.000 2.256
10950.000 2.535
10960.000 2.708
10970.000 3.142
10980.000 3.658
10990.000 3.931
11000.000 4.530
11010.000 5.041
11020.000 6.617
11030.000 8.861
11040.000 9.951
11050.000 9.872
11060.000 8.565
11070.000 6.091
11080.000 4.598
11090.000 4.073
11100.000 3.322
11110.000 3.035
11120.000 2.589
11130.000 2.281
11140.000 2.162
11150.000 1.916
11160.000 1.823
11170.000 1.672
11180.000 1.537
11190.000 1.478
11200.000 1.380
11210.000 1.332
11220.000 1.255
11230.000 1.194
11240.000 1.165
11250.000 1.112
11260.000 1.084
11270.000 1.053
11280.000 1.028
11290.000 0.998
11300.000 0.970
11310.000 0.966
11320.000 0.941
11330.000 0.933
11340.000 0.922
11350.000 0.897
11360.000 0.905
11370.000 0.898
11380.000 0.890
11390.000 0.891
11400.000 0.889
11410.000 0.889
11420.000 0.903
11430.000 0.906
11440.000 0.917
11450.000 0.930
11460.000 0.954
11470.000 0.949
11480.000 0.943
11490.000 0.928
11500.000 0.961
11510.000 0.984
11520.000 1.032
11530.000 1.042
11540.000 1.108
11550.000 1.158
11560.000 1.191
11570.000 1.266
11580.000 1.309
11590.000 1.402
11600.000 1.512
11610.000 1.575
11620.000 1.729
11630.000 1.811
11640.000 2.033
11650.000 2.334
11660.000 2.511
11670.000 2.973
11680.000 3.257
11690.000 4.057
11700.000 5.233
11710.000 5.976
11720.000 7.603
11730.000 8.148
11740.000 7.417
11750.000 5.462
11760.000 4.710
11770.000 3.625
11780.000 3.234
11790.000 2.648
11800.000 2.256
11810.000 2.107
11820.000 1.864
11830.000 1.760
11840.000 1.566
11850.000 1.421
11860.000 1.368
11870.000 1.264
11880.000 1.217
11890.000 1.142
11900.000 1.070
11910.000 1.046
11920.000 0.981
11930.000 0.969
11940.000 0.932
11950.000 0.890
11960.000 0.877
11970.000 0.837
11980.000 0.831
11990.000 0.795
12000.000 0.772
