105.000 0.912
110.000 0.685
115.000 0.686
120.000 0.366
125.000 0.318
130.000 0.929
135.000 0.724
140.000 0.301
145.000 0.414
150.000 0.606
155.000 0.572
160.000 0.407
165.000 0.401
170.000 0.423
175.000 0.395
180.000 0.463
185.000 0.513
190.000 0.900
195.000 0.720
200.000 0.867
205.000 0.699
210.000 0.798
215.000 0.752
220.000 0.694
225.000 0.754
230.000 0.910
235.000 0.694
240.000 0.631
245.000 0.603
250.000 0.630
255.000 0.691
260.000 0.744
265.000 0.672
270.000 0.704
275.000 0.616
280.000 0.713
285.000 0.672
290.000 0.761
295.000 0.887
300.000 0.785
305.000 0.794
310.000 0.873
315.000 0.852
320.000 0.916
325.000 0.915
330.000 0.965
335.000 0.977
340.000 1.175
345.000 1.119
350.000 1.154
355.000 1.109
360.000 1.185
365.000 1.330
370.000 1.375
375.000 1.486
380.000 1.553
385.000 1.593
390.000 1.653
395.000 1.734
400.000 1.834
405.000 1.922
410.000 1.904
415.000 1.874
420.000 1.921
425.000 1.879
430.000 1.807
435.000 1.716
440.000 1.615
445.000 1.549
450.000 1.487
455.000 1.269
460.000 1.357
465.000 1.220
470.000 1.042
475.000 1.073
480.000 1.033
485.000 0.957
490.000 0.865
495.000 0.852
500.000 0.831
505.000 0.731
510.000 0.761
515.000 0.742
520.000 0.602
525.000 0.632
530.000 0.566
535.000 0.582
540.000 0.623
545.000 0.592
550.000 0.478
555.000 0.441
560.000 0.447
565.000 0.417
570.000 0.399
575.000 0.377
580.000 0.399
585.000 0.370
590.000 0.378
595.000 0.302
600.000 0.315
605.000 0.295
610.000 0.313
615.000 0.291
620.000 0.281
625.000 0.230
630.000 0.256
635.000 0.246
640.000 0.263
645.000 0.262
650.000 0.228
655.000 0.227
660.000 0.222
665.000 0.258
670.000 0.215
675.000 0.208
680.000 0.187
685.000 0.187
690.000 0.153
695.000 0.164
700.000 0.165
705.000 0.136
710.000 0.162
715.000 0.170
720.000 0.134
725.000 0.148
730.000 0.124
735.000 0.142
740.000 0.189
745.000 0.126
750.000 0.168
755.000 0.115
760.000 0.104
765.000 0.127
770.000 0.147
775.000 0.130
780.000 0.110
785.000 0.104
790.000 0.083
795.000 0.118
800.000 0.100
805.000 0.096
810.000 0.118
815.000 0.079
820.000 0.092
825.000 0.082
830.000 0.063
835.000 0.089
840.000 0.093
845.000 0.104
850.000 0.072
855.000 0.075
860.000 0.049
865.000 0.086
870.000 0.081
875.000 0.051
880.000 0.087
885.000 0.059
890.000 0.070
895.000 0.093
900.000 0.061
905.000 0.064
910.000 0.038
915.000 0.066
920.000 0.048
925.000 0.038
930.000 0.052
935.000 0.055
940.000 0.043
945.000 0.042
950.000 0.041
955.000 0.053
960.000 0.046
965.000 0.050
970.000 0.042
975.000 0.045
980.000 0.048
985.000 0.042
990.000 0.049
995.000 0.056
1000.000 0.034
1005.000 0.045
1010.000 0.044
1015.000 0.037
1020.000 0.044
1025.000 0.039
1030.000 0.031
1035.000 0.053
1040.000 0.037
1045.000 0.040
1050.000 0.029
1055.000 0.047
1060.000 0.029
1065.000 0.034
1070.000 0.048
1075.000 0.042
1080.000 0.030
1085.000 0.044
1090.000 0.041
1095.000 0.055
1100.000 0.038
1105.000 0.056
1110.000 0.039
1115.000 0.055
1120.000 0.038
1125.000 0.044
1130.000 0.042
1135.000 0.052
1140.000 0.043
1145.000 0.054
1150.000 0.078
1155.000 0.059
1160.000 0.046
1165.000 0.059
1170.000 0.050
1175.000 0.048
1180.000 0.064
1185.000 0.068
1190.000 0.073
1195.000 0.086
1200.000 0.071
1205.000 0.075
1210.000 0.073
1215.000 0.075
1220.000 0.081
1225.000 0.084
1230.000 0.082
1235.000 0.065
1240.000 0.088
1245.000 0.079
1250.000 0.103
1255.000 0.080
1260.000 0.076
1265.000 0.086
1270.000 0.080
1275.000 0.091
1280.000 0.101
1285.000 0.076
1290.000 0.109
1295.000 0.105
1300.000 0.103
1305.000 0.110
1310.000 0.113
1315.000 0.108
1320.000 0.113
1325.000 0.101
1330.000 0.112
1335.000 0.114
1340.000 0.104
1345.000 0.095
1350.000 0.119
1355.000 0.131
1360.000 0.131
1365.000 0.125
1370.000 0.121
1375.000 0.134
1380.000 0.155
1385.000 0.135
1390.000 0.147
1395.000 0.160
1400.000 0.152
1405.000 0.154
1410.000 0.150
1415.000 0.160
1420.000 0.149
1425.000 0.167
1430.000 0.122
1435.000 0.145
1440.000 0.160
1445.000 0.143
1450.000 0.157
1455.000 0.143
1460.000 0.160
1465.000 0.171
1470.000 0.174
1475.000 0.200
1480.000 0.184
1485.000 0.235
1490.000 0.229
1495.000 0.241
1500.000 0.239
1505.000 0.245
1510.000 0.261
1515.000 0.264
1520.000 0.279
1525.000 0.290
1530.000 0.281
1535.000 0.304
1540.000 0.306
1545.000 0.303
1550.000 0.324
1555.000 0.337
1560.000 0.354
1565.000 0.340
1570.000 0.372
1575.000 0.368
1580.000 0.362
1585.000 0.392
1590.000 0.401
1595.000 0.430
1600.000 0.416
1605.000 0.439
1610.000 0.461
1615.000 0.443
1620.000 0.472
1625.000 0.484
1630.000 0.459
1635.000 0.512
1640.000 0.525
1645.000 0.539
1650.000 0.541
1655.000 0.569
1660.000 0.566
1665.000 0.594
1670.000 0.599
1675.000 0.629
1680.000 0.652
1685.000 0.642
1690.000 0.697
1695.000 0.685
1700.000 0.709
1705.000 0.736
1710.000 0.751
1715.000 0.782
1720.000 0.812
1725.000 0.803
1730.000 0.838
1735.000 0.881
1740.000 0.884
1745.000 0.908
1750.000 0.964
1755.000 0.976
1760.000 1.000
1765.000 1.031
1770.000 1.066
1775.000 1.110
1780.000 1.145
1785.000 1.157
1790.000 1.188
1795.000 1.176
1800.000 1.256
1805.000 1.272
1810.000 1.334
1815.000 1.368
1820.000 1.383
1825.000 1.408
1830.000 1.445
1835.000 1.454
1840.000 1.502
1845.000 1.525
1850.000 1.571
1855.000 1.574
1860.000 1.575
1865.000 1.613
1870.000 1.628
1875.000 1.640
1880.000 1.643
1885.000 1.687
1890.000 1.682
1895.000 1.659
1900.000 1.730
1905.000 1.661
1910.000 1.657
1915.000 1.699
1920.000 1.700
1925.000 1.734
1930.000 1.689
1935.000 1.751
1940.000 1.677
1945.000 1.713
1950.000 1.763
1955.000 1.736
1960.000 1.750
1965.000 1.723
1970.000 1.727
1975.000 1.739
1980.000 1.687
1985.000 1.748
1990.000 1.720
1995.000 1.703
2000.000 1.718
2005.000 1.675
2010.000 1.673
2015.000 1.692
2020.000 1.713
2025.000 1.706
2030.000 1.710
2035.000 1.685
2040.000 1.703
2045.000 1.713
2050.000 1.727
2055.000 1.728
2060.000 1.751
2065.000 1.718
2070.000 1.719
2075.000 1.778
2080.000 1.743
2085.000 1.758
2090.000 1.784
2095.000 1.809
2100.000 1.825
2105.000 1.848
2110.000 1.868
2115.000 1.891
2120.000 1.891
2125.000 1.910
2130.000 1.961
2135.000 1.956
2140.000 1.992
2145.000 2.038
2150.000 2.070
2155.000 2.144
2160.000 2.163
2165.000 2.225
2170.000 2.284
2175.000 2.344
2180.000 2.402
2185.000 2.446
2190.000 2.524
2195.000 2.626
2200.000 2.690
2205.000 2.827
2210.000 2.969
2215.000 3.084
2220.000 3.249
2225.000 3.429
2230.000 3.685
2235.000 3.774
2240.000 4.083
2245.000 4.431
2250.000 4.795
2255.000 5.202
2260.000 5.865
2265.000 6.663
2270.000 7.810
2275.000 9.192
2280.000 11.483
2285.000 14.957
2290.000 20.395
2295.000 26.148
2300.000 26.437
2305.000 23.472
2310.000 20.432
2315.000 12.210
2320.000 8.929
2325.000 7.012
2330.000 5.922
2335.000 5.059
2340.000 4.419
2345.000 3.740
2350.000 3.466
2355.000 3.103
2360.000 2.865
2365.000 2.608
2370.000 2.454
2375.000 2.253
2380.000 2.113
2385.000 1.931
2390.000 1.821
2395.000 1.712
2400.000 1.627
2405.000 1.535
2410.000 1.454
2415.000 1.377
2420.000 1.342
2425.000 1.293
2430.000 1.245
2435.000 1.177
2440.000 1.143
2445.000 1.091
2450.000 1.036
2455.000 1.021
2460.000 1.001
2465.000 0.957
2470.000 0.945
2475.000 0.998
2480.000 0.903
2485.000 0.888
2490.000 0.875
2495.000 0.884
2500.000 0.853
2505.000 0.860
2510.000 0.852
2515.000 0.832
2520.000 0.829
2525.000 0.828
2530.000 0.822
2535.000 0.822
2540.000 0.828
2545.000 0.823
2550.000 0.840
2555.000 0.799
2560.000 0.836
2565.000 0.854
2570.000 0.850
2575.000 0.848
2580.000 0.816
2585.000 0.840
2590.000 0.882
2595.000 0.878
2600.000 0.881
2605.000 0.889
2610.000 0.910
2615.000 0.922
2620.000 0.929
2625.000 0.945
2630.000 0.942
2635.000 0.959
2640.000 0.986
2645.000 0.999
2650.000 1.002
2655.000 1.021
2660.000 1.028
2665.000 1.058
2670.000 1.053
2675.000 1.082
2680.000 1.111
2685.000 1.121
2690.000 1.138
2695.000 1.139
2700.000 1.202
2705.000 1.221
2710.000 1.210
2715.000 1.225
2720.000 1.254
2725.000 1.255
2730.000 1.289
2735.000 1.294
2740.000 1.311
2745.000 1.344
2750.000 1.373
2755.000 1.390
2760.000 1.388
2765.000 1.436
2770.000 1.463
2775.000 1.456
2780.000 1.501
2785.000 1.519
2790.000 1.524
2795.000 1.556
2800.000 1.563
2805.000 1.587
2810.000 1.620
2815.000 1.646
2820.000 1.649
2825.000 1.680
2830.000 1.692
2835.000 1.736
2840.000 1.740
2845.000 1.768
2850.000 1.763
2855.000 1.800
2860.000 1.815
2865.000 1.821
2870.000 1.849
2875.000 1.848
2880.000 1.869
2885.000 1.891
2890.000 1.900
2895.000 1.906
2900.000 1.911
2905.000 1.937
2910.000 1.917
2915.000 1.944
2920.000 1.957
2925.000 1.949
2930.000 1.976
2935.000 1.942
2940.000 1.964
2945.000 1.993
2950.000 1.984
2955.000 1.979
2960.000 1.977
2965.000 1.981
2970.000 1.969
2975.000 1.989
2980.000 1.959
2985.000 1.976
2990.000 1.979
2995.000 1.979
3000.000 1.971
3005.000 1.975
3010.000 1.965
3015.000 1.956
3020.000 1.948
3025.000 1.947
3030.000 1.954
3035.000 1.941
3040.000 1.948
3045.000 1.933
3050.000 1.947
3055.000 1.917
3060.000 1.922
3065.000 1.920
3070.000 1.915
3075.000 1.903
3080.000 1.915
3085.000 1.901
3090.000 1.918
3095.000 1.889
3100.000 1.879
3105.000 1.889
3110.000 1.895
3115.000 1.874
3120.000 1.881
3125.000 1.874
3130.000 1.886
3135.000 1.874
3140.000 1.857
3145.000 1.880
3150.000 1.873
3155.000 1.879
3160.000 1.865
3165.000 1.876
3170.000 1.860
3175.000 1.880
3180.000 1.862
3185.000 1.882
3190.000 1.889
3195.000 1.882
3200.000 1.892
3205.000 1.893
3210.000 1.890
3215.000 1.891
3220.000 1.894
3225.000 1.907
3230.000 1.906
3235.000 1.906
3240.000 1.902
3245.000 1.930
3250.000 1.942
3255.000 1.938
3260.000 1.937
3265.000 1.943
3270.000 1.959
3275.000 1.972
3280.000 1.974
3285.000 1.970
3290.000 1.989
3295.000 1.993
3300.000 2.000
3305.000 2.009
3310.000 2.033
3315.000 2.035
3320.000 2.051
3325.000 2.067
3330.000 2.080
3335.000 2.074
3340.000 2.088
3345.000 2.108
3350.000 2.135
3355.000 2.120
3360.000 2.165
3365.000 2.183
3370.000 2.182
3375.000 2.226
3380.000 2.231
3385.000 2.254
3390.000 2.281
3395.000 2.309
3400.000 2.320
3405.000 2.354
3410.000 2.360
3415.000 2.408
3420.000 2.442
3425.000 2.488
3430.000 2.519
3435.000 2.564
3440.000 2.586
3445.000 2.627
3450.000 2.678
3455.000 2.711
3460.000 2.765
3465.000 2.803
3470.000 2.868
3475.000 2.915
3480.000 2.999
3485.000 3.054
3490.000 3.118
3495.000 3.188
3500.000 3.285
3505.000 3.355
3510.000 3.403
3515.000 3.535
3520.000 3.606
3525.000 3.691
3530.000 3.806
3535.000 3.936
3540.000 4.060
3545.000 4.197
3550.000 4.345
3555.000 4.509
3560.000 4.675
3565.000 4.772
3570.000 5.069
3575.000 5.290
3580.000 5.411
3585.000 5.675
3590.000 5.970
3595.000 6.285
3600.000 6.643
3605.000 7.045
3610.000 7.499
3615.000 8.007
3620.000 8.622
3625.000 9.332
3630.000 10.174
3635.000 11.187
3640.000 12.426
3645.000 13.111
3650.000 14.794
3655.000 17.056
3660.000 20.147
3665.000 24.297
3670.000 30.232
3675.000 38.925
3680.000 50.556
3685.000 63.852
3690.000 74.376
3695.000 54.476
3700.000 42.053
3705.000 30.418
3710.000 23.773
3715.000 19.526
3720.000 16.539
3725.000 14.329
3730.000 12.723
3735.000 11.352
3740.000 10.280
3745.000 9.391
3750.000 8.615
3755.000 7.963
3760.000 7.668
3765.000 7.159
3770.000 6.716
3775.000 6.337
3780.000 5.966
3785.000 5.652
3790.000 5.369
3795.000 5.105
3800.000 4.880
3805.000 4.665
3810.000 4.548
3815.000 4.295
3820.000 4.130
3825.000 4.038
3830.000 3.899
3835.000 3.766
3840.000 3.634
3845.000 3.525
3850.000 3.415
3855.000 3.287
3860.000 3.222
3865.000 3.130
3870.000 3.047
3875.000 2.957
3880.000 2.891
3885.000 2.851
3890.000 2.777
3895.000 2.725
3900.000 2.650
3905.000 2.583
3910.000 2.533
3915.000 2.490
3920.000 2.411
3925.000 2.391
3930.000 2.346
3935.000 2.287
3940.000 2.260
3945.000 2.232
3950.000 2.182
3955.000 2.154
3960.000 2.096
3965.000 2.086
3970.000 2.037
3975.000 2.025
3980.000 1.964
3985.000 1.954
3990.000 1.922
3995.000 1.899
4000.000 1.874
4005.000 1.859
4010.000 1.852
4015.000 1.813
4020.000 1.779
4025.000 1.777
4030.000 1.750
4035.000 1.731
4040.000 1.710
4045.000 1.690
4050.000 1.663
4055.000 1.659
4060.000 1.635
4065.000 1.639
4070.000 1.632
4075.000 1.599
4080.000 1.579
4085.000 1.573
4090.000 1.559
4095.000 1.533
4100.000 1.536
4105.000 1.512
4110.000 1.505
4115.000 1.489
4120.000 1.470
4125.000 1.462
4130.000 1.471
4135.000 1.449
4140.000 1.448
4145.000 1.434
4150.000 1.431
4155.000 1.414
4160.000 1.404
4165.000 1.392
4170.000 1.383
4175.000 1.374
4180.000 1.360
4185.000 1.347
4190.000 1.334
4195.000 1.317
4200.000 1.297
4205.000 1.286
4210.000 1.277
4215.000 1.255
4220.000 1.231
4225.000 1.235
4230.000 1.221
4235.000 1.232
4240.000 1.192
4245.000 1.172
4250.000 1.159
4255.000 1.159
4260.000 1.137
4265.000 1.120
4270.000 1.096
4275.000 1.078
4280.000 1.065
4285.000 1.050
4290.000 1.052
4295.000 1.047
4300.000 1.043
4305.000 1.045
4310.000 1.046
4315.000 1.036
4320.000 1.039
4325.000 1.031
4330.000 1.040
4335.000 1.050
4340.000 1.057
4345.000 1.057
4350.000 1.063
4355.000 1.061
4360.000 1.067
4365.000 1.086
4370.000 1.071
4375.000 1.099
4380.000 1.096
4385.000 1.095
4390.000 1.097
4395.000 1.098
4400.000 1.098
4405.000 1.118
4410.000 1.110
4415.000 1.114
4420.000 1.134
4425.000 1.144
4430.000 1.137
4435.000 1.137
4440.000 1.142
4445.000 1.129
4450.000 1.148
4455.000 1.169
4460.000 1.170
4465.000 1.180
4470.000 1.171
4475.000 1.182
4480.000 1.198
4485.000 1.208
4490.000 1.209
4495.000 1.209
4500.000 1.221
4505.000 1.230
4510.000 1.205
4515.000 1.238
4520.000 1.241
4525.000 1.253
4530.000 1.255
4535.000 1.285
4540.000 1.285
4545.000 1.285
4550.000 1.318
4555.000 1.321
4560.000 1.332
4565.000 1.323
4570.000 1.345
4575.000 1.347
4580.000 1.370
4585.000 1.392
4590.000 1.397
4595.000 1.414
4600.000 1.429
4605.000 1.437
4610.000 1.457
4615.000 1.466
4620.000 1.490
4625.000 1.513
4630.000 1.522
4635.000 1.537
4640.000 1.562
4645.000 1.576
4650.000 1.590
4655.000 1.623
4660.000 1.653
4665.000 1.672
4670.000 1.673
4675.000 1.714
4680.000 1.742
4685.000 1.758
4690.000 1.800
4695.000 1.826
4700.000 1.855
4705.000 1.883
4710.000 1.914
4715.000 1.955
4720.000 1.985
4725.000 2.046
4730.000 2.087
4735.000 2.120
4740.000 2.153
4745.000 2.199
4750.000 2.265
4755.000 2.295
4760.000 2.362
4765.000 2.423
4770.000 2.486
4775.000 2.545
4780.000 2.628
4785.000 2.695
4790.000 2.774
4795.000 2.831
4800.000 2.908
4805.000 3.007
4810.000 3.104
4815.000 3.217
4820.000 3.326
4825.000 3.460
4830.000 3.578
4835.000 3.740
4840.000 3.901
4845.000 3.980
4850.000 4.259
4855.000 4.439
4860.000 4.532
4865.000 4.750
4870.000 5.020
4875.000 5.298
4880.000 5.598
4885.000 5.931
4890.000 6.343
4895.000 6.778
4900.000 7.296
4905.000 7.862
4910.000 8.564
4915.000 9.346
4920.000 9.824
4925.000 10.904
4930.000 12.124
4935.000 13.578
4940.000 15.205
4945.000 16.641
4950.000 19.872
4955.000 39.891
4960.000 50.341
4965.000 63.189
4970.000 65.371
4975.000 61.591
4980.000 45.660
4985.000 32.047
4990.000 25.608
4995.000 20.851
5000.000 17.577
5005.000 15.260
5010.000 13.453
5015.000 12.061
5020.000 10.928
5025.000 10.011
5030.000 9.263
5035.000 8.633
5040.000 8.362
5045.000 7.827
5050.000 7.385
5055.000 7.012
5060.000 6.669
5065.000 6.366
5070.000 6.107
5075.000 5.861
5080.000 5.764
5085.000 5.457
5090.000 5.286
5095.000 5.129
5100.000 5.058
5105.000 4.923
5110.000 4.795
5115.000 4.698
5120.000 4.577
5125.000 4.479
5130.000 4.386
5135.000 4.301
5140.000 4.248
5145.000 4.169
5150.000 4.108
5155.000 4.048
5160.000 4.019
5165.000 3.977
5170.000 3.908
5175.000 3.857
5180.000 3.826
5185.000 3.807
5190.000 3.740
5195.000 3.728
5200.000 3.683
5205.000 3.664
5210.000 3.639
5215.000 3.610
5220.000 3.572
5225.000 3.567
5230.000 3.539
5235.000 3.530
5240.000 3.522
5245.000 3.477
5250.000 3.459
5255.000 3.458
5260.000 3.428
5265.000 3.426
5270.000 3.403
5275.000 3.381
5280.000 3.378
5285.000 3.361
5290.000 3.350
5295.000 3.339
5300.000 3.328
5305.000 3.305
5310.000 3.292
5315.000 3.273
5320.000 3.265
5325.000 3.263
5330.000 3.237
5335.000 3.240
5340.000 3.217
5345.000 3.214
5350.000 3.207
5355.000 3.174
5360.000 3.164
5365.000 3.149
5370.000 3.141
5375.000 3.131
5380.000 3.102
5385.000 3.100
5390.000 3.090
5395.000 3.081
5400.000 3.065
5405.000 3.039
5410.000 3.045
5415.000 3.017
5420.000 3.014
5425.000 2.978
5430.000 2.996
5435.000 2.968
5440.000 2.958
5445.000 2.953
5450.000 2.934
5455.000 2.922
5460.000 2.914
5465.000 2.894
5470.000 2.888
5475.000 2.889
5480.000 2.865
5485.000 2.857
5490.000 2.859
5495.000 2.834
5500.000 2.822
5505.000 2.813
5510.000 2.798
5515.000 2.789
5520.000 2.793
5525.000 2.786
5530.000 2.775
5535.000 2.780
5540.000 2.773
5545.000 2.756
5550.000 2.734
5555.000 2.755
5560.000 2.738
5565.000 2.722
5570.000 2.729
5575.000 2.718
5580.000 2.710
5585.000 2.717
5590.000 2.710
5595.000 2.702
5600.000 2.706
5605.000 2.758
5610.000 2.719
5615.000 2.696
5620.000 2.699
5625.000 2.695
5630.000 2.691
5635.000 2.692
5640.000 2.708
5645.000 2.703
5650.000 2.680
5655.000 2.727
5660.000 2.709
5665.000 2.722
5670.000 2.721
5675.000 2.725
5680.000 2.733
5685.000 2.744
5690.000 2.753
5695.000 2.743
5700.000 2.770
5705.000 2.765
5710.000 2.781
5715.000 2.777
5720.000 2.788
5725.000 2.812
5730.000 2.814
5735.000 2.814
5740.000 2.837
5745.000 2.855
5750.000 2.861
5755.000 2.887
5760.000 2.899
5765.000 2.933
5770.000 2.968
5775.000 2.939
5780.000 2.932
5785.000 2.966
5790.000 3.017
5795.000 3.032
5800.000 3.028
5805.000 3.069
5810.000 3.086
5815.000 3.106
5820.000 3.134
5825.000 3.164
5830.000 3.184
5835.000 3.195
5840.000 3.229
5845.000 3.259
5850.000 3.282
5855.000 3.320
5860.000 3.382
5865.000 3.404
5870.000 3.438
5875.000 3.463
5880.000 3.514
5885.000 3.564
5890.000 3.605
5895.000 3.629
5900.000 3.670
5905.000 3.713
5910.000 3.777
5915.000 3.825
5920.000 3.877
5925.000 3.912
5930.000 3.991
5935.000 4.052
5940.000 4.117
5945.000 4.175
5950.000 4.220
5955.000 4.293
5960.000 4.386
5965.000 4.452
5970.000 4.546
5975.000 4.491
5980.000 4.712
5985.000 4.813
5990.000 4.898
5995.000 5.005
6000.000 5.058
6005.000 5.215
6010.000 5.298
6015.000 5.402
6020.000 5.547
6025.000 5.691
6030.000 5.814
6035.000 5.969
6040.000 6.147
6045.000 6.340
6050.000 6.526
6055.000 6.728
6060.000 6.963
6065.000 7.192
6070.000 7.462
6075.000 7.591
6080.000 7.846
6085.000 8.180
6090.000 8.494
6095.000 8.858
6100.000 9.262
6105.000 9.712
6110.000 10.189
6115.000 10.763
6120.000 11.344
6125.000 12.071
6130.000 12.820
6135.000 13.709
6140.000 14.185
6145.000 15.294
6150.000 16.560
6155.000 18.073
6160.000 20.030
6165.000 22.275
6170.000 25.081
6175.000 28.690
6180.000 33.388
6185.000 39.479
6190.000 48.523
6195.000 54.080
6200.000 69.244
6205.000 85.298
6210.000 92.434
6215.000 79.896
6220.000 60.921
6225.000 46.808
6230.000 38.423
6235.000 34.688
6240.000 27.102
6245.000 25.419
6250.000 21.494
6255.000 20.554
6260.000 18.960
6265.000 17.662
6270.000 16.517
6275.000 15.529
6280.000 14.635
6285.000 13.849
6290.000 13.093
6295.000 12.357
6300.000 12.055
6305.000 11.221
6310.000 10.647
6315.000 10.298
6320.000 10.094
6325.000 9.718
6330.000 9.333
6335.000 9.004
6340.000 8.738
6345.000 8.432
6350.000 8.162
6355.000 7.919
6360.000 7.750
6365.000 7.512
6370.000 7.337
6375.000 7.147
6380.000 7.052
6385.000 6.900
6390.000 6.779
6395.000 6.630
6400.000 6.519
6405.000 6.383
6410.000 6.304
6415.000 6.214
6420.000 6.178
6425.000 6.092
6430.000 6.049
6435.000 6.024
6440.000 5.979
6445.000 5.945
6450.000 5.920
6455.000 5.917
6460.000 5.942
6465.000 5.963
6470.000 6.008
6475.000 6.073
6480.000 6.171
6485.000 6.313
6490.000 6.456
6495.000 6.709
6500.000 6.835
6505.000 7.186
6510.000 7.633
6515.000 8.272
6520.000 9.268
6525.000 10.751
6530.000 13.330
6535.000 18.238
6540.000 26.583
6545.000 34.257
6550.000 30.797
6555.000 10.951
6560.000 3.933
6565.000 3.681
6570.000 1.407
6575.000 0.821
6580.000 0.336
6585.000 0.123
6590.000 0.325
6595.000 0.600
6600.000 0.805
6605.000 0.952
6610.000 1.083
6615.000 1.199
6620.000 1.302
6625.000 1.357
6630.000 1.423
6635.000 1.476
6640.000 1.526
6645.000 1.576
6650.000 1.627
6655.000 1.664
6660.000 1.676
6665.000 1.730
6670.000 1.763
6675.000 1.769
6680.000 1.812
6685.000 1.812
6690.000 1.830
6695.000 1.847
6700.000 1.873
6705.000 1.893
6710.000 1.903
6715.000 1.929
6720.000 1.918
6725.000 1.960
6730.000 1.947
6735.000 1.958
6740.000 1.952
6745.000 1.980
6750.000 1.987
6755.000 1.990
6760.000 2.007
6765.000 2.020
6770.000 2.037
6775.000 2.031
6780.000 2.028
6785.000 2.055
6790.000 2.066
6795.000 2.079
6800.000 2.087
6805.000 2.078
6810.000 2.091
6815.000 2.119
6820.000 2.131
6825.000 2.120
6830.000 2.139
6835.000 2.140
6840.000 2.170
6845.000 2.168
6850.000 2.188
6855.000 2.197
6860.000 2.194
6865.000 2.221
6870.000 2.196
6875.000 2.228
6880.000 2.241
6885.000 2.264
6890.000 2.282
6895.000 2.288
6900.000 2.282
6905.000 2.312
6910.000 2.323
6915.000 2.348
6920.000 2.355
6925.000 2.360
6930.000 2.391
6935.000 2.408
6940.000 2.426
6945.000 2.430
6950.000 2.444
6955.000 2.481
6960.000 2.504
6965.000 2.514
6970.000 2.537
6975.000 2.550
6980.000 2.584
6985.000 2.593
6990.000 2.622
6995.000 2.654
7000.000 2.678
7005.000 2.706
7010.000 2.729
7015.000 2.761
7020.000 2.764
7025.000 2.822
7030.000 2.835
7035.000 2.873
7040.000 2.914
7045.000 2.936
7050.000 2.954
7055.000 3.006
7060.000 3.017
7065.000 3.083
7070.000 3.111
7075.000 3.151
7080.000 3.209
7085.000 3.247
7090.000 3.291
7095.000 3.348
7100.000 3.385
7105.000 3.394
7110.000 3.459
7115.000 3.513
7120.000 3.570
7125.000 3.636
7130.000 3.700
7135.000 3.742
7140.000 3.835
7145.000 3.894
7150.000 3.986
7155.000 4.059
7160.000 4.138
7165.000 4.160
7170.000 4.260
7175.000 4.335
7180.000 4.449
7185.000 4.516
7190.000 4.635
7195.000 4.749
7200.000 4.838
7205.000 4.975
7210.000 5.095
7215.000 5.220
7220.000 5.368
7225.000 5.504
7230.000 5.595
7235.000 5.740
7240.000 5.910
7245.000 6.094
7250.000 6.301
7255.000 6.480
7260.000 6.681
7265.000 6.931
7270.000 7.183
7275.000 7.445
7280.000 7.741
7285.000 8.063
7290.000 8.225
7295.000 8.580
7300.000 8.948
7305.000 9.351
7310.000 9.840
7315.000 10.325
7320.000 10.903
7325.000 11.511
7330.000 12.197
7335.000 12.987
7340.000 13.420
7345.000 14.369
7350.000 16.025
7355.000 16.648
7360.000 18.126
7365.000 19.824
7370.000 21.893
7375.000 24.451
7380.000 27.487
7385.000 31.450
7390.000 36.353
7395.000 43.180
7400.000 52.726
7405.000 63.809
7410.000 69.867
7415.000 80.964
7420.000 84.685
7425.000 75.736
7430.000 60.851
7435.000 50.658
7440.000 42.383
7445.000 36.199
7450.000 31.365
7455.000 27.718
7460.000 24.865
7465.000 22.385
7470.000 21.300
7475.000 19.472
7480.000 17.971
7485.000 16.697
7490.000 15.548
7495.000 14.593
7500.000 13.733
7505.000 12.972
7510.000 12.318
7515.000 11.681
7520.000 11.139
7525.000 10.903
7530.000 10.253
7535.000 10.064
7540.000 9.679
7545.000 9.346
7550.000 9.008
7555.000 8.684
7560.000 8.386
7565.000 8.140
7570.000 7.910
7575.000 7.679
7580.000 7.463
7585.000 7.270
7590.000 7.109
7595.000 7.012
7600.000 6.853
7605.000 6.700
7610.000 6.551
7615.000 6.426
7620.000 6.285
7625.000 6.239
7630.000 6.043
7635.000 5.945
7640.000 5.819
7645.000 5.727
7650.000 5.681
7655.000 5.602
7660.000 5.521
7665.000 5.439
7670.000 5.341
7675.000 5.279
7680.000 5.218
7685.000 5.131
7690.000 5.085
7695.000 5.033
7700.000 4.994
7705.000 4.917
7710.000 4.872
7715.000 4.848
7720.000 4.800
7725.000 4.756
7730.000 4.726
7735.000 4.684
7740.000 4.640
7745.000 4.625
7750.000 4.575
7755.000 4.562
7760.000 4.525
7765.000 4.499
7770.000 4.485
7775.000 4.462
7780.000 4.484
7785.000 4.438
7790.000 4.418
7795.000 4.423
7800.000 4.398
7805.000 4.384
7810.000 4.385
7815.000 4.390
7820.000 4.375
7825.000 4.385
7830.000 4.376
7835.000 4.401
7840.000 4.384
7845.000 4.399
7850.000 4.423
7855.000 4.432
7860.000 4.442
7865.000 4.466
7870.000 4.500
7875.000 4.533
7880.000 4.550
7885.000 4.582
7890.000 4.603
7895.000 4.645
7900.000 4.709
7905.000 4.760
7910.000 4.824
7915.000 4.907
7920.000 4.993
7925.000 5.075
7930.000 5.161
7935.000 5.281
7940.000 5.433
7945.000 5.564
7950.000 5.626
7955.000 5.921
7960.000 6.026
7965.000 6.279
7970.000 6.562
7975.000 6.924
7980.000 7.351
7985.000 7.901
7990.000 8.649
7995.000 9.509
8000.000 10.816
8005.000 11.606
8010.000 15.578
8015.000 17.654
8020.000 24.939
8025.000 34.063
8030.000 35.136
8035.000 20.727
8040.000 15.565
8045.000 9.170
8050.000 5.699
8055.000 3.972
8060.000 2.898
8065.000 2.136
8070.000 1.543
8075.000 1.283
8080.000 0.660
8085.000 0.519
8090.000 0.226
8095.000 0.155
8100.000 0.326
8105.000 0.488
8110.000 0.688
8115.000 0.843
8120.000 0.975
8125.000 1.088
8130.000 1.209
8135.000 1.315
8140.000 1.376
8145.000 1.461
8150.000 1.532
8155.000 1.631
8160.000 1.706
8165.000 1.779
8170.000 1.853
8175.000 1.932
8180.000 1.976
8185.000 2.031
8190.000 2.139
8195.000 2.182
8200.000 2.200
8205.000 2.279
8210.000 2.335
8215.000 2.384
8220.000 2.450
8225.000 2.510
8230.000 2.546
8235.000 2.622
8240.000 2.685
8245.000 2.753
8250.000 2.791
8255.000 2.863
8260.000 2.891
8265.000 2.952
8270.000 3.009
8275.000 3.069
8280.000 3.136
8285.000 3.205
8290.000 3.252
8295.000 3.302
8300.000 3.414
8305.000 3.433
8310.000 3.540
8315.000 3.626
8320.000 3.675
8325.000 3.738
8330.000 3.829
8335.000 3.914
8340.000 3.991
8345.000 4.087
8350.000 4.175
8355.000 4.260
8360.000 4.364
8365.000 4.470
8370.000 4.587
8375.000 4.690
8380.000 4.806
8385.000 4.935
8390.000 5.021
8395.000 5.150
8400.000 5.292
8405.000 5.446
8410.000 5.598
8415.000 5.797
8420.000 5.990
8425.000 6.189
8430.000 6.427
8435.000 6.636
8440.000 6.880
8445.000 7.003
8450.000 7.304
8455.000 7.630
8460.000 7.920
8465.000 8.305
8470.000 8.753
8475.000 9.275
8480.000 9.932
8485.000 10.264
8490.000 11.730
8495.000 13.295
8500.000 15.737
8505.000 17.514
8510.000 20.506
8515.000 10.819
8520.000 11.805
8525.000 10.545
8530.000 11.029
8535.000 11.653
8540.000 12.980
8545.000 14.526
8550.000 16.043
8555.000 17.588
8560.000 18.496
8565.000 21.921
8570.000 23.274
8575.000 26.249
8580.000 30.083
8585.000 34.676
8590.000 40.496
8595.000 46.888
8600.000 54.438
8605.000 60.827
8610.000 63.715
8615.000 62.999
8620.000 53.608
8625.000 49.090
8630.000 41.337
8635.000 35.145
8640.000 30.686
8645.000 27.284
8650.000 24.578
8655.000 22.395
8660.000 20.922
8665.000 20.007
8670.000 17.751
8675.000 16.480
8680.000 15.962
8685.000 14.940
8690.000 14.073
8695.000 13.329
8700.000 12.641
8705.000 11.991
8710.000 11.401
8715.000 10.892
8720.000 10.459
8725.000 10.048
8730.000 9.689
8735.000 9.344
8740.000 9.016
8745.000 8.736
8750.000 8.573
8755.000 8.324
8760.000 8.129
8765.000 7.913
8770.000 7.689
8775.000 7.493
8780.000 7.309
8785.000 7.136
8790.000 6.959
8795.000 6.793
8800.000 6.648
8805.000 6.523
8810.000 6.395
8815.000 6.338
8820.000 6.218
8825.000 6.106
8830.000 6.018
8835.000 5.917
8840.000 5.809
8845.000 5.737
8850.000 5.639
8855.000 5.567
8860.000 5.485
8865.000 5.408
8870.000 5.337
8875.000 5.295
8880.000 5.237
8885.000 5.168
8890.000 5.108
8895.000 5.051
8900.000 4.984
8905.000 4.944
8910.000 4.887
8915.000 4.822
8920.000 4.797
8925.000 4.750
8930.000 4.738
8935.000 4.690
8940.000 4.655
8945.000 4.587
8950.000 4.555
8955.000 4.518
8960.000 4.485
8965.000 4.452
8970.000 4.417
8975.000 4.383
8980.000 4.364
8985.000 4.334
8990.000 4.308
8995.000 4.296
9000.000 4.279
9005.000 4.260
9010.000 4.229
9015.000 4.216
9020.000 4.188
9025.000 4.163
9030.000 4.155
9035.000 4.114
9040.000 4.123
9045.000 4.119
9050.000 4.089
9055.000 4.093
9060.000 4.069
9065.000 4.062
9070.000 4.062
9075.000 4.048
9080.000 4.033
9085.000 4.030
9090.000 4.019
9095.000 4.004
9100.000 4.017
9105.000 4.015
9110.000 4.006
9115.000 4.014
9120.000 4.009
9125.000 4.028
9130.000 4.005
9135.000 4.016
9140.000 4.029
9145.000 4.020
9150.000 4.033
9155.000 4.046
9160.000 4.050
9165.000 4.068
9170.000 4.077
9175.000 4.078
9180.000 4.096
9185.000 4.113
9190.000 4.119
9195.000 4.152
9200.000 4.168
9205.000 4.180
9210.000 4.196
9215.000 4.224
9220.000 4.256
9225.000 4.276
9230.000 4.315
9235.000 4.331
9240.000 4.357
9245.000 4.390
9250.000 4.446
9255.000 4.474
9260.000 4.519
9265.000 4.581
9270.000 4.624
9275.000 4.681
9280.000 4.732
9285.000 4.807
9290.000 4.862
9295.000 4.920
9300.000 4.963
9305.000 5.040
9310.000 5.129
9315.000 5.212
9320.000 5.300
9325.000 5.405
9330.000 5.525
9335.000 5.639
9340.000 5.786
9345.000 5.939
9350.000 6.108
9355.000 6.291
9360.000 6.389
9365.000 6.606
9370.000 6.871
9375.000 7.146
9380.000 7.506
9385.000 7.891
9390.000 8.317
9395.000 8.978
9400.000 9.668
9405.000 10.536
9410.000 11.032
9415.000 12.358
9420.000 14.209
9425.000 16.931
9430.000 20.354
9435.000 26.933
9440.000 37.079
9445.000 48.251
9450.000 40.444
9455.000 17.139
9460.000 18.691
9465.000 9.351
9470.000 6.281
9475.000 5.376
9480.000 3.800
9485.000 2.811
9490.000 1.969
9495.000 1.309
9500.000 0.748
9505.000 0.339
9510.000 0.315
9515.000 0.580
9520.000 0.871
9525.000 1.167
9530.000 1.424
9535.000 1.668
9540.000 1.787
9545.000 2.015
9550.000 2.242
9555.000 2.468
9560.000 2.663
9565.000 2.854
9570.000 3.051
9575.000 3.249
9580.000 3.436
9585.000 3.607
9590.000 3.784
9595.000 3.985
9600.000 4.191
9605.000 4.302
9610.000 4.499
9615.000 4.707
9620.000 4.938
9625.000 5.189
9630.000 5.436
9635.000 5.714
9640.000 5.987
9645.000 6.285
9650.000 6.598
9655.000 6.906
9660.000 7.090
9665.000 7.456
9670.000 7.882
9675.000 8.212
9680.000 8.671
9685.000 9.188
9690.000 9.727
9695.000 10.329
9700.000 11.037
9705.000 11.798
9710.000 12.607
9715.000 13.047
9720.000 14.665
9725.000 15.267
9730.000 16.642
9735.000 18.585
9740.000 20.448
9745.000 22.725
9750.000 25.674
9755.000 29.210
9760.000 33.349
9765.000 38.086
9770.000 43.110
9775.000 47.823
9780.000 51.695
9785.000 52.556
9790.000 51.469
9795.000 47.199
9800.000 41.562
9805.000 36.098
9810.000 31.307
9815.000 27.084
9820.000 24.083
9825.000 21.609
9830.000 19.573
9835.000 17.902
9840.000 16.597
9845.000 16.060
9850.000 15.093
9855.000 14.370
9860.000 13.501
9865.000 12.682
9870.000 11.952
9875.000 11.238
9880.000 10.688
9885.000 10.162
9890.000 9.698
9895.000 9.292
9900.000 8.916
9905.000 8.735
9910.000 8.403
9915.000 8.083
9920.000 7.759
9925.000 7.494
9930.000 7.250
9935.000 7.007
9940.000 6.813
9945.000 6.708
9950.000 6.427
9955.000 6.239
9960.000 6.089
9965.000 6.009
9970.000 5.861
9975.000 5.689
9980.000 5.546
9985.000 5.422
9990.000 5.291
9995.000 5.166
10000.000 5.015
10005.000 4.901
10010.000 4.789
10015.000 4.681
10020.000 4.574
10025.000 4.478
10030.000 4.428
10035.000 4.336
10040.000 4.239
10045.000 4.149
10050.000 4.059
10055.000 3.963
10060.000 3.860
10065.000 3.765
10070.000 3.658
10075.000 3.534
10080.000 3.415
10085.000 3.362
10090.000 3.207
10095.000 3.039
10100.000 2.857
10105.000 2.662
10110.000 2.333
10115.000 1.937
10120.000 1.371
10125.000 1.249
10130.000 3.696
10135.000 9.249
10140.000 12.682
10145.000 9.616
10150.000 8.675
10155.000 6.085
10160.000 5.731
10165.000 5.110
10170.000 4.841
10175.000 4.614
10180.000 4.469
10185.000 4.348
10190.000 4.250
10195.000 4.155
10200.000 4.081
10205.000 4.021
10210.000 3.997
10215.000 3.943
10220.000 3.910
10225.000 3.860
10230.000 3.850
10235.000 3.807
10240.000 3.781
10245.000 3.733
10250.000 3.737
10255.000 3.692
10260.000 3.675
10265.000 3.658
10270.000 3.653
10275.000 3.626
10280.000 3.613
10285.000 3.597
10290.000 3.575
10295.000 3.564
10300.000 3.550
10305.000 3.540
10310.000 3.535
10315.000 3.513
10320.000 3.511
10325.000 3.502
10330.000 3.493
10335.000 3.499
10340.000 3.482
10345.000 3.462
10350.000 3.484
10355.000 3.463
10360.000 3.466
10365.000 3.458
10370.000 3.468
10375.000 3.451
10380.000 3.469
10385.000 3.469
10390.000 3.470
10395.000 3.466
10400.000 3.466
10405.000 3.481
10410.000 3.493
10415.000 3.495
10420.000 3.507
10425.000 3.515
10430.000 3.514
10435.000 3.531
10440.000 3.542
10445.000 3.546
10450.000 3.551
10455.000 3.577
10460.000 3.593
10465.000 3.603
10470.000 3.636
10475.000 3.649
10480.000 3.669
10485.000 3.677
10490.000 3.705
10495.000 3.736
10500.000 3.751
10505.000 3.784
10510.000 3.815
10515.000 3.820
10520.000 3.851
10525.000 3.879
10530.000 3.911
10535.000 3.953
10540.000 3.993
10545.000 4.021
10550.000 4.061
10555.000 4.101
10560.000 4.146
10565.000 4.165
10570.000 4.248
10575.000 4.297
10580.000 4.317
10585.000 4.379
10590.000 4.445
10595.000 4.497
10600.000 4.547
10605.000 4.626
10610.000 4.685
10615.000 4.759
10620.000 4.835
10625.000 4.918
10630.000 5.008
10635.000 5.044
10640.000 5.153
10645.000 5.242
10650.000 5.362
10655.000 5.470
10660.000 5.603
10665.000 5.711
10670.000 5.865
10675.000 5.934
10680.000 6.138
10685.000 6.232
10690.000 6.504
10695.000 6.586
10700.000 6.756
10705.000 6.966
10710.000 7.230
10715.000 7.482
10720.000 7.762
10725.000 8.069
10730.000 8.446
10735.000 8.816
10740.000 9.253
10745.000 9.820
10750.000 10.435
10755.000 11.092
10760.000 11.455
10765.000 12.310
10770.000 13.394
10775.000 14.661
10780.000 16.291
10785.000 17.986
10790.000 20.507
10795.000 23.915
10800.000 28.466
10805.000 31.256
10810.000 39.360
10815.000 40.330
10820.000 36.226
10825.000 25.304
10830.000 17.167
10835.000 12.407
10840.000 9.634
10845.000 6.818
10850.000 4.915
10855.000 3.249
10860.000 1.774
10865.000 0.992
10870.000 1.362
10875.000 1.771
10880.000 2.697
10885.000 3.494
10890.000 4.586
10895.000 5.614
10900.000 6.811
10905.000 8.115
10910.000 9.670
10915.000 11.339
10920.000 13.240
10925.000 15.572
10930.000 17.423
10935.000 22.086
10940.000 23.648
10945.000 26.855
10950.000 29.259
10955.000 30.128
10960.000 29.509
10965.000 27.459
10970.000 24.751
10975.000 22.251
10980.000 19.915
10985.000 18.871
10990.000 16.219
10995.000 14.843
11000.000 14.215
11005.000 13.118
11010.000 12.145
11015.000 11.351
11020.000 10.687
11025.000 10.067
11030.000 9.567
11035.000 9.101
11040.000 8.649
11045.000 8.250
11050.000 8.051
11055.000 7.755
11060.000 7.293
11065.000 7.138
11070.000 6.859
11075.000 6.636
11080.000 6.406
11085.000 6.172
11090.000 5.989
11095.000 5.806
11100.000 5.656
11105.000 5.473
11110.000 5.326
11115.000 5.166
11120.000 5.106
11125.000 4.971
11130.000 4.870
11135.000 4.755
11140.000 4.664
11145.000 4.565
11150.000 4.467
11155.000 4.376
11160.000 4.280
11165.000 4.194
11170.000 4.134
11175.000 4.052
11180.000 4.035
11185.000 3.942
11190.000 3.885
11195.000 3.826
11200.000 3.779
11205.000 3.703
11210.000 3.661
11215.000 3.606
11220.000 3.550
11225.000 3.520
11230.000 3.468
11235.000 3.423
11240.000 3.387
11245.000 3.369
11250.000 3.325
11255.000 3.298
11260.000 3.268
11265.000 3.243
11270.000 3.203
11275.000 3.177
11280.000 3.130
11285.000 3.115
11290.000 3.084
11295.000 3.074
11300.000 3.039
11305.000 3.027
11310.000 3.006
11315.000 2.999
11320.000 2.960
11325.000 2.946
11330.000 2.935
11335.000 2.912
11340.000 2.897
11345.000 2.874
11350.000 2.853
11355.000 2.845
11360.000 2.838
11365.000 2.832
11370.000 2.827
11375.000 2.800
11380.000 2.789
11385.000 2.796
11390.000 2.768
11395.000 2.764
11400.000 2.745
11405.000 2.729
11410.000 2.727
11415.000 2.713
11420.000 2.690
11425.000 2.697
11430.000 2.681
11435.000 2.683
11440.000 2.674
11445.000 2.672
11450.000 2.667
11455.000 2.656
11460.000 2.642
11465.000 2.632
11470.000 2.627
11475.000 2.617
11480.000 2.615
11485.000 2.620
11490.000 2.612
11495.000 2.601
11500.000 2.581
11505.000 2.564
11510.000 2.583
11515.000 2.567
11520.000 2.563
11525.000 2.559
11530.000 2.551
11535.000 2.537
11540.000 2.518
11545.000 2.518
11550.000 2.514
11555.000 2.519
11560.000 2.490
11565.000 2.474
11570.000 2.460
11575.000 2.438
11580.000 2.422
11585.000 2.400
11590.000 2.367
11595.000 2.352
11600.000 2.312
11605.000 2.259
11610.000 2.247
11615.000 2.188
11620.000 2.126
11625.000 2.063
11630.000 1.980
11635.000 1.873
11640.000 1.735
11645.000 1.535
11650.000 1.284
11655.000 0.926
11660.000 0.743
11665.000 1.103
11670.000 1.785
11675.000 4.162
11680.000 8.219
11685.000 10.985
11690.000 6.573
11695.000 7.210
11700.000 6.021
11705.000 5.515
11710.000 5.143
11715.000 4.943
11720.000 4.779
11725.000 4.669
11730.000 4.615
11735.000 4.553
11740.000 4.496
11745.000 4.451
11750.000 4.436
11755.000 4.418
11760.000 4.417
11765.000 4.407
11770.000 4.420
11775.000 4.433
11780.000 4.444
11785.000 4.465
11790.000 4.493
11795.000 4.513
11800.000 4.539
11805.000 4.583
11810.000 4.627
11815.000 4.682
11820.000 4.737
11825.000 4.798
11830.000 4.869
11835.000 4.919
11840.000 4.978
11845.000 5.055
11850.000 5.142
11855.000 5.176
11860.000 5.269
11865.000 5.359
11870.000 5.461
11875.000 5.554
11880.000 5.660
11885.000 5.777
11890.000 5.908
11895.000 6.053
11900.000 6.181
11905.000 6.333
11910.000 6.416
11915.000 6.581
11920.000 6.774
11925.000 6.967
11930.000 7.177
11935.000 7.383
11940.000 7.633
11945.000 7.897
11950.000 8.188
11955.000 8.497
11960.000 8.848
11965.000 9.228
11970.000 9.425
11975.000 9.893
11980.000 10.405
11985.000 10.999
11990.000 11.617
11995.000 12.267
12000.000 12.472
