1801.000 1.462
1802.000 1.466
1803.000 1.488
1804.000 1.496
1805.000 1.482
1806.000 1.508
1807.000 1.515
1808.000 1.529
1809.000 1.532
1810.000 1.534
1811.000 1.543
1812.000 1.548
1813.000 1.579
1814.000 1.553
1815.000 1.578
1816.000 1.572
1817.000 1.599
1818.000 1.601
1819.000 1.620
1820.000 1.609
1821.000 1.610
1822.000 1.625
1823.000 1.640
1824.000 1.630
1825.000 1.653
1826.000 1.638
1827.000 1.677
1828.000 1.691
1829.000 1.700
1830.000 1.699
1831.000 1.751
1832.000 1.695
1833.000 1.703
1834.000 1.730
1835.000 1.738
1836.000 1.728
1837.000 1.760
1838.000 1.736
1839.000 1.752
1840.000 1.747
1841.000 1.795
1842.000 1.780
1843.000 1.788
1844.000 1.803
1845.000 1.807
1846.000 1.838
1847.000 1.822
1848.000 1.806
1849.000 1.862
1850.000 1.839
1851.000 1.831
1852.000 1.857
1853.000 1.869
1854.000 1.857
1855.000 1.827
1856.000 1.894
1857.000 1.876
1858.000 1.892
1859.000 1.894
1860.000 1.886
1861.000 1.910
1862.000 1.902
1863.000 1.888
1864.000 1.938
1865.000 1.929
1866.000 1.917
1867.000 1.973
1868.000 1.957
1869.000 1.982
1870.000 1.957
1871.000 2.010
1872.000 1.958
1873.000 1.929
1874.000 1.967
1875.000 1.955
1876.000 1.961
1877.000 1.948
1878.000 1.965
1879.000 2.016
1880.000 1.945
1881.000 2.019
1882.000 2.005
1883.000 1.981
1884.000 2.014
1885.000 2.020
1886.000 2.034
1887.000 2.040
1888.000 2.032
1889.000 2.048
1890.000 2.032
1891.000 2.050
1892.000 2.062
1893.000 2.005
1894.000 2.055
1895.000 2.097
1896.000 2.046
1897.000 2.067
1898.000 2.069
1899.000 2.068
1900.000 2.110
1901.000 2.091
1902.000 2.063
1903.000 2.067
1904.000 2.097
1905.000 2.120
1906.000 2.105
1907.000 2.042
1908.000 2.114
1909.000 2.153
1910.000 2.081
1911.000 2.155
1912.000 2.137
1913.000 2.161
1914.000 2.107
1915.000 2.163
1916.000 2.171
1917.000 2.229
1918.000 2.227
1919.000 2.116
1920.000 2.110
1921.000 2.090
1922.000 2.161
1923.000 2.177
1924.000 2.219
1925.000 2.167
1926.000 2.163
1927.000 2.229
1928.000 2.109
1929.000 2.205
1930.000 2.147
1931.000 2.232
1932.000 2.218
1933.000 2.258
1934.000 2.185
1935.000 2.200
1936.000 2.170
1937.000 2.253
1938.000 2.271
1939.000 2.198
1940.000 2.220
1941.000 2.251
1942.000 2.164
1943.000 2.212
1944.000 2.309
1945.000 2.151
1946.000 2.226
1947.000 2.319
1948.000 2.172
1949.000 2.318
1950.000 2.331
1951.000 2.317
1952.000 2.306
1953.000 2.278
1954.000 2.202
1955.000 2.225
1956.000 2.332
1957.000 2.229
1958.000 2.277
1959.000 2.356
1960.000 2.356
1961.000 2.361
1962.000 2.338
1963.000 2.288
1964.000 2.336
1965.000 2.224
1966.000 2.243
1967.000 2.304
1968.000 2.278
1969.000 2.324
1970.000 2.298
1971.000 2.301
1972.000 2.339
1973.000 2.399
1974.000 2.330
1975.000 2.316
1976.000 2.381
1977.000 2.338
1978.000 2.369
1979.000 2.303
1980.000 2.398
1981.000 2.415
1982.000 2.363
1983.000 2.361
1984.000 2.384
1985.000 2.367
1986.000 2.398
1987.000 2.409
1988.000 2.444
1989.000 2.440
1990.000 2.459
1991.000 2.372
1992.000 2.424
1993.000 2.355
1994.000 2.407
1995.000 2.408
1996.000 2.474
1997.000 2.489
1998.000 2.401
1999.000 2.434
2000.000 2.419
2001.000 2.425
2002.000 2.424
2003.000 2.469
2004.000 2.503
2005.000 2.490
2006.000 2.402
2007.000 2.496
2008.000 2.520
2009.000 2.495
2010.000 2.531
2011.000 2.505
2012.000 2.486
2013.000 2.490
2014.000 2.542
2015.000 2.517
2016.000 2.524
2017.000 2.505
2018.000 2.518
2019.000 2.595
2020.000 2.596
2021.000 2.621
2022.000 2.542
2023.000 2.622
2024.000 2.620
2025.000 2.664
2026.000 2.552
2027.000 2.604
2028.000 2.640
2029.000 2.666
2030.000 2.656
2031.000 2.642
2032.000 2.650
2033.000 2.624
2034.000 2.734
2035.000 2.718
2036.000 2.768
2037.000 2.723
2038.000 2.700
2039.000 2.741
2040.000 2.756
2041.000 2.734
2042.000 2.801
2043.000 2.760
2044.000 2.772
2045.000 2.795
2046.000 2.815
2047.000 2.832
2048.000 2.819
2049.000 2.859
2050.000 2.804
2051.000 2.839
2052.000 2.907
2053.000 2.904
2054.000 2.882
2055.000 2.924
2056.000 2.924
2057.000 2.957
2058.000 2.966
2059.000 3.019
2060.000 2.956
2061.000 3.017
2062.000 3.028
2063.000 3.064
2064.000 3.091
2065.000 3.067
2066.000 3.074
2067.000 3.099
2068.000 3.126
2069.000 3.141
2070.000 3.143
2071.000 3.126
2072.000 3.328
2073.000 3.255
2074.000 3.190
2075.000 3.245
2076.000 3.305
2077.000 3.339
2078.000 3.277
2079.000 3.341
2080.000 3.408
2081.000 3.404
2082.000 3.404
2083.000 3.438
2084.000 3.549
2085.000 3.517
2086.000 3.522
2087.000 3.539
2088.000 3.525
2089.000 3.582
2090.000 3.694
2091.000 3.674
2092.000 3.696
2093.000 3.745
2094.000 3.783
2095.000 3.827
2096.000 3.864
2097.000 3.888
2098.000 3.941
2099.000 3.971
2100.000 4.003
2101.000 4.041
2102.000 4.083
2103.000 4.125
2104.000 4.206
2105.000 4.230
2106.000 4.285
2107.000 4.277
2108.000 4.423
2109.000 4.495
2110.000 4.484
2111.000 4.591
2112.000 4.576
2113.000 4.637
2114.000 4.775
2115.000 4.874
2116.000 4.944
2117.000 4.973
2118.000 5.047
2119.000 5.178
2120.000 5.231
2121.000 5.390
2122.000 5.517
2123.000 5.511
2124.000 5.745
2125.000 5.718
2126.000 5.846
2127.000 5.938
2128.000 6.085
2129.000 6.232
2130.000 6.415
2131.000 6.536
2132.000 6.746
2133.000 6.951
2134.000 7.127
2135.000 7.256
2136.000 7.660
2137.000 7.871
2138.000 8.012
2139.000 8.213
2140.000 8.109
2141.000 8.818
2142.000 10.679
2143.000 9.036
2144.000 9.969
2145.000 10.607
2146.000 11.006
2147.000 10.807
2148.000 12.209
2149.000 12.431
2150.000 13.175
2151.000 13.884
2152.000 15.070
2153.000 15.908
2154.000 16.645
2155.000 18.334
2156.000 18.673
2157.000 19.626
2158.000 20.664
2159.000 21.924
2160.000 21.444
2161.000 21.573
2162.000 21.247
2163.000 20.523
2164.000 19.700
2165.000 17.834
2166.000 16.403
2167.000 15.232
2168.000 13.698
2169.000 12.554
2170.000 11.337
2171.000 10.470
2172.000 10.025
2173.000 9.202
2174.000 8.540
2175.000 7.840
2176.000 7.296
2177.000 6.824
2178.000 6.417
2179.000 6.030
2180.000 5.066
2181.000 5.178
2182.000 4.813
2183.000 4.710
2184.000 4.394
2185.000 4.073
2186.000 3.794
2187.000 3.657
2188.000 3.443
2189.000 3.223
2190.000 3.047
2191.000 2.849
2192.000 2.639
2193.000 2.585
2194.000 2.449
2195.000 2.279
2196.000 2.329
2197.000 2.044
2198.000 1.878
2199.000 1.830
2200.000 1.660
2201.000 1.539
2202.000 1.432
2203.000 1.455
2204.000 1.275
2205.000 1.010
2206.000 1.069
2207.000 0.976
2208.000 0.845
2209.000 0.788
2210.000 0.817
2211.000 0.688
2212.000 0.541
2213.000 0.523
2214.000 0.792
2215.000 0.842
2216.000 0.422
2217.000 0.268
2218.000 1.315
2219.000 4.230
2220.000 1.117
2221.000 0.988
2222.000 1.541
2223.000 1.396
2224.000 0.800
2225.000 0.741
2226.000 0.719
2227.000 0.896
2228.000 0.839
2229.000 1.133
2230.000 1.023
2231.000 1.208
2232.000 1.359
2233.000 1.342
2234.000 1.482
2235.000 1.621
2236.000 1.662
2237.000 1.825
2238.000 1.899
2239.000 1.989
2240.000 2.010
2241.000 2.242
2242.000 2.625
2243.000 2.581
2244.000 2.622
2245.000 2.645
2246.000 3.056
2247.000 3.185
2248.000 3.515
2249.000 3.660
2250.000 4.139
2251.000 4.101
2252.000 4.707
2253.000 4.675
2254.000 5.132
2255.000 5.856
2256.000 3.932
2257.000 8.769
2258.000 8.093
2259.000 7.564
2260.000 7.887
2261.000 9.093
2262.000 9.916
2263.000 10.798
2264.000 12.014
2265.000 13.545
2266.000 15.134
2267.000 16.807
2268.000 18.778
2269.000 19.705
2270.000 21.455
2271.000 21.534
2272.000 21.981
2273.000 21.185
2274.000 19.382
2275.000 17.798
2276.000 15.077
2277.000 13.413
2278.000 12.523
2279.000 10.921
2280.000 10.763
2281.000 9.641
2282.000 9.016
2283.000 8.338
2284.000 7.847
2285.000 7.363
2286.000 6.948
2287.000 6.529
2288.000 6.231
2289.000 5.951
2290.000 5.659
2291.000 5.353
2292.000 5.150
2293.000 4.977
2294.000 5.023
2295.000 4.681
2296.000 4.381
2297.000 4.356
2298.000 3.956
2299.000 4.096
2300.000 3.996
2301.000 3.969
2302.000 3.688
2303.000 3.534
2304.000 3.415
2305.000 3.373
2306.000 3.376
2307.000 3.219
2308.000 3.156
2309.000 3.053
2310.000 3.062
2311.000 2.926
2312.000 2.878
2313.000 2.800
2314.000 2.751
2315.000 2.686
2316.000 2.640
2317.000 2.595
2318.000 2.557
2319.000 2.465
2320.000 2.514
2321.000 2.419
2322.000 2.309
2323.000 2.407
2324.000 2.252
2325.000 2.209
2326.000 2.232
2327.000 2.101
2328.000 2.068
2329.000 2.173
2330.000 2.145
2331.000 2.112
2332.000 1.978
2333.000 2.024
2334.000 1.985
2335.000 2.039
2336.000 1.663
2337.000 1.974
2338.000 1.842
2339.000 1.794
2340.000 1.792
2341.000 1.741
2342.000 1.755
2343.000 1.683
2344.000 1.706
2345.000 1.651
2346.000 1.635
2347.000 1.609
2348.000 1.609
2349.000 1.589
2350.000 1.548
2351.000 1.536
2352.000 1.507
2353.000 1.504
2354.000 1.477
2355.000 1.441
2356.000 1.471
2357.000 1.442
2358.000 1.425
2359.000 1.410
2360.000 1.390
2361.000 1.378
2362.000 1.377
2363.000 1.367
2364.000 1.335
2365.000 1.332
2366.000 1.311
2367.000 1.291
2368.000 1.288
2369.000 1.260
2370.000 1.266
2371.000 1.222
2372.000 1.241
2373.000 1.220
2374.000 1.229
2375.000 1.210
2376.000 1.183
2377.000 1.173
2378.000 1.173
2379.000 1.189
2380.000 1.170
2381.000 1.065
2382.000 1.122
2383.000 1.110
2384.000 1.076
2385.000 1.102
2386.000 1.103
2387.000 1.073
2388.000 1.074
2389.000 1.066
2390.000 1.066
2391.000 1.038
2392.000 1.031
2393.000 1.045
2394.000 1.022
2395.000 1.029
2396.000 1.012
2397.000 0.990
2398.000 1.005
2399.000 0.988
2400.000 0.967
2401.000 0.972
2402.000 0.947
2403.000 0.825
2404.000 1.070
2405.000 1.041
2406.000 0.949
2407.000 0.932
2408.000 1.080
2409.000 0.902
2410.000 0.923
2411.000 0.902
2412.000 0.925
2413.000 0.888
2414.000 0.882
2415.000 0.906
2416.000 0.883
2417.000 0.854
2418.000 1.024
2419.000 0.904
2420.000 1.157
2421.000 0.912
2422.000 0.907
2423.000 0.853
2424.000 0.846
2425.000 0.842
2426.000 0.821
2427.000 0.830
2428.000 0.812
2429.000 0.806
2430.000 0.808
2431.000 0.823
2432.000 0.811
2433.000 0.792
2434.000 0.781
2435.000 0.786
2436.000 0.786
2437.000 0.790
2438.000 0.776
2439.000 0.785
2440.000 0.751
2441.000 0.748
2442.000 0.776
2443.000 0.738
2444.000 0.756
2445.000 0.754
2446.000 0.750
2447.000 0.750
2448.000 0.738
2449.000 0.739
2450.000 0.739
2451.000 0.706
2452.000 0.779
2453.000 0.735
2454.000 0.730
2455.000 0.883
2456.000 0.714
2457.000 0.715
2458.000 0.709
2459.000 0.730
2460.000 0.739
2461.000 0.652
2462.000 0.681
2463.000 0.709
2464.000 0.704
2465.000 0.713
2466.000 0.711
2467.000 0.699
2468.000 0.685
2469.000 0.704
2470.000 0.669
2471.000 0.682
2472.000 0.691
2473.000 0.680
2474.000 0.664
2475.000 0.685
2476.000 0.699
2477.000 0.670
2478.000 0.677
2479.000 0.664
2480.000 0.670
2481.000 0.677
2482.000 0.733
2483.000 0.730
2484.000 0.686
2485.000 0.652
2486.000 0.672
2487.000 0.662
2488.000 0.634
2489.000 0.647
2490.000 0.663
2491.000 0.669
2492.000 0.642
2493.000 0.658
2494.000 0.665
2495.000 0.656
2496.000 0.612
2497.000 0.658
2498.000 0.662
2499.000 0.670
2500.000 0.674
2501.000 0.665
2502.000 0.661
2503.000 0.650
2504.000 0.672
2505.000 0.657
2506.000 0.663
2507.000 0.651
2508.000 0.668
2509.000 0.642
2510.000 1.740
2511.000 0.676
2512.000 0.631
2513.000 1.358
2514.000 0.685
2515.000 0.656
2516.000 0.677
2517.000 0.645
2518.000 0.667
2519.000 0.651
2520.000 0.671
2521.000 0.715
2522.000 0.653
2523.000 0.657
2524.000 0.668
2525.000 0.647
2526.000 0.655
2527.000 0.520
2528.000 0.863
2529.000 0.682
2530.000 0.700
2531.000 0.590
2532.000 0.734
2533.000 0.628
2534.000 0.557
2535.000 0.658
2536.000 0.611
2537.000 0.654
2538.000 0.648
2539.000 0.679
2540.000 0.662
2541.000 0.659
2542.000 0.666
2543.000 0.649
2544.000 0.683
2545.000 0.669
2546.000 0.666
2547.000 0.684
2548.000 0.670
2549.000 0.663
2550.000 0.658
2551.000 0.683
2552.000 0.690
2553.000 0.659
2554.000 0.653
2555.000 0.832
2556.000 0.659
2557.000 0.677
2558.000 0.679
2559.000 0.689
2560.000 0.680
2561.000 0.688
2562.000 0.679
2563.000 0.682
2564.000 0.693
2565.000 0.680
2566.000 0.683
2567.000 0.687
2568.000 0.700
2569.000 0.689
2570.000 0.697
2571.000 0.691
2572.000 0.701
2573.000 0.684
2574.000 0.705
2575.000 0.717
2576.000 0.696
2577.000 0.688
2578.000 0.692
2579.000 0.705
2580.000 0.703
2581.000 0.690
2582.000 0.719
2583.000 0.712
2584.000 0.713
2585.000 0.714
2586.000 0.707
2587.000 0.721
2588.000 0.722
2589.000 0.719
2590.000 0.725
2591.000 0.718
2592.000 0.722
2593.000 0.730
2594.000 0.739
2595.000 0.733
2596.000 0.737
2597.000 0.730
2598.000 0.741
2599.000 0.733
2600.000 0.734
