1801.000 1.665
1802.000 1.663
1803.000 1.683
1804.000 1.704
1805.000 1.703
1806.000 1.685
1807.000 1.710
1808.000 1.744
1809.000 1.771
1810.000 1.722
1811.000 1.741
1812.000 1.755
1813.000 1.787
1814.000 1.794
1815.000 1.776
1816.000 1.807
1817.000 1.800
1818.000 1.806
1819.000 1.829
1820.000 1.851
1821.000 1.872
1822.000 1.997
1823.000 1.865
1824.000 1.950
1825.000 1.872
1826.000 1.906
1827.000 1.905
1828.000 1.933
1829.000 1.951
1830.000 1.943
1831.000 1.934
1832.000 1.959
1833.000 1.944
1834.000 1.993
1835.000 1.998
1836.000 2.006
1837.000 1.983
1838.000 2.005
1839.000 2.031
1840.000 2.048
1841.000 2.067
1842.000 2.045
1843.000 2.091
1844.000 2.074
1845.000 2.092
1846.000 2.107
1847.000 2.114
1848.000 2.122
1849.000 2.116
1850.000 2.125
1851.000 2.180
1852.000 2.154
1853.000 2.168
1854.000 2.160
1855.000 2.152
1856.000 2.191
1857.000 2.213
1858.000 2.207
1859.000 2.211
1860.000 2.216
1861.000 2.260
1862.000 2.236
1863.000 2.242
1864.000 2.290
1865.000 2.292
1866.000 2.305
1867.000 2.234
1868.000 2.299
1869.000 2.317
1870.000 2.365
1871.000 2.313
1872.000 2.335
1873.000 2.316
1874.000 2.318
1875.000 2.379
1876.000 2.415
1877.000 2.392
1878.000 2.353
1879.000 2.381
1880.000 2.489
1881.000 2.334
1882.000 2.390
1883.000 2.386
1884.000 2.369
1885.000 2.433
1886.000 2.465
1887.000 2.434
1888.000 2.366
1889.000 2.414
1890.000 2.424
1891.000 2.484
1892.000 2.435
1893.000 2.463
1894.000 2.514
1895.000 2.436
1896.000 2.538
1897.000 2.538
1898.000 2.519
1899.000 2.539
1900.000 2.573
1901.000 2.591
1902.000 2.525
1903.000 2.531
1904.000 2.637
1905.000 2.679
1906.000 2.766
1907.000 2.591
1908.000 2.480
1909.000 2.604
1910.000 2.599
1911.000 2.655
1912.000 2.555
1913.000 2.731
1914.000 2.586
1915.000 2.657
1916.000 2.644
1917.000 2.643
1918.000 2.649
1919.000 2.505
1920.000 2.699
1921.000 2.656
1922.000 2.753
1923.000 2.702
1924.000 2.625
1925.000 2.709
1926.000 2.870
1927.000 2.886
1928.000 2.654
1929.000 2.796
1930.000 2.735
1931.000 2.787
1932.000 2.783
1933.000 2.936
1934.000 2.801
1935.000 2.846
1936.000 2.948
1937.000 2.909
1938.000 2.899
1939.000 2.835
1940.000 3.014
1941.000 2.845
1942.000 2.828
1943.000 2.810
1944.000 2.899
1945.000 3.002
1946.000 2.884
1947.000 2.973
1948.000 2.860
1949.000 2.872
1950.000 3.066
1951.000 2.940
1952.000 2.917
1953.000 2.881
1954.000 2.914
1955.000 2.905
1956.000 3.025
1957.000 3.060
1958.000 2.909
1959.000 3.094
1960.000 3.126
1961.000 3.230
1962.000 3.091
1963.000 3.136
1964.000 3.048
1965.000 3.198
1966.000 3.147
1967.000 3.132
1968.000 3.045
1969.000 3.122
1970.000 3.208
1971.000 3.236
1972.000 3.209
1973.000 3.120
1974.000 3.147
1975.000 3.234
1976.000 3.236
1977.000 3.232
1978.000 3.254
1979.000 3.375
1980.000 3.187
1981.000 3.396
1982.000 3.250
1983.000 3.275
1984.000 3.498
1985.000 3.543
1986.000 3.484
1987.000 3.479
1988.000 3.558
1989.000 3.516
1990.000 3.507
1991.000 3.435
1992.000 3.478
1993.000 3.473
1994.000 3.652
1995.000 3.555
1996.000 3.548
1997.000 3.527
1998.000 3.595
1999.000 3.796
2000.000 3.664
2001.000 3.662
2002.000 3.633
2003.000 3.701
2004.000 3.829
2005.000 3.737
2006.000 3.716
2007.000 3.886
2008.000 3.993
2009.000 3.879
2010.000 3.891
2011.000 3.859
2012.000 4.040
2013.000 3.981
2014.000 4.039
2015.000 4.079
2016.000 4.217
2017.000 4.253
2018.000 4.367
2019.000 4.234
2020.000 4.270
2021.000 4.257
2022.000 4.108
2023.000 4.416
2024.000 4.706
2025.000 4.734
2026.000 4.474
2027.000 4.569
2028.000 4.564
2029.000 4.597
2030.000 4.720
2031.000 4.691
2032.000 4.731
2033.000 4.878
2034.000 4.912
2035.000 4.663
2036.000 6.315
2037.000 5.110
2038.000 5.227
2039.000 4.716
2040.000 5.753
2041.000 5.216
2042.000 5.204
2043.000 5.886
2044.000 5.532
2045.000 5.707
2046.000 5.575
2047.000 6.145
2048.000 5.556
2049.000 6.224
2050.000 5.994
2051.000 6.186
2052.000 6.443
2053.000 6.491
2054.000 6.578
2055.000 6.755
2056.000 6.559
2057.000 7.033
2058.000 7.056
2059.000 7.361
2060.000 7.671
2061.000 7.660
2062.000 7.809
2063.000 8.107
2064.000 8.344
2065.000 8.768
2066.000 8.566
2067.000 9.197
2068.000 9.266
2069.000 9.442
2070.000 9.742
2071.000 10.269
2072.000 10.537
2073.000 10.958
2074.000 11.415
2075.000 11.990
2076.000 12.456
2077.000 12.596
2078.000 13.181
2079.000 14.073
2080.000 14.390
2081.000 15.081
2082.000 16.100
2083.000 17.070
2084.000 18.313
2085.000 18.334
2086.000 20.311
2087.000 21.261
2088.000 21.206
2089.000 21.889
2090.000 22.473
2091.000 22.622
2092.000 22.576
2093.000 22.382
2094.000 21.938
2095.000 20.892
2096.000 20.112
2097.000 19.752
2098.000 17.661
2099.000 16.309
2100.000 15.621
2101.000 14.837
2102.000 13.853
2103.000 13.038
2104.000 11.834
2105.000 11.417
2106.000 10.225
2107.000 9.268
2108.000 9.726
2109.000 8.700
2110.000 8.363
2111.000 7.783
2112.000 7.274
2113.000 7.066
2114.000 6.865
2115.000 6.454
2116.000 6.124
2117.000 5.877
2118.000 5.688
2119.000 5.559
2120.000 5.204
2121.000 5.036
2122.000 4.667
2123.000 4.513
2124.000 4.371
2125.000 4.048
2126.000 4.167
2127.000 3.837
2128.000 3.866
2129.000 3.864
2130.000 3.587
2131.000 3.669
2132.000 3.160
2133.000 3.026
2134.000 2.940
2135.000 2.852
2136.000 2.680
2137.000 2.653
2138.000 2.469
2139.000 2.442
2140.000 2.354
2141.000 2.269
2142.000 2.187
2143.000 2.141
2144.000 2.021
2145.000 1.851
2146.000 1.887
2147.000 1.817
2148.000 1.668
2149.000 1.754
2150.000 1.790
2151.000 1.539
2152.000 1.589
2153.000 1.511
2154.000 1.413
2155.000 1.283
2156.000 1.274
2157.000 1.269
2158.000 1.150
2159.000 1.117
2160.000 1.077
2161.000 1.096
2162.000 0.936
2163.000 0.913
2164.000 0.948
2165.000 0.961
2166.000 0.790
2167.000 0.949
2168.000 0.694
2169.000 0.866
2170.000 0.679
2171.000 0.779
2172.000 0.608
2173.000 1.309
2174.000 0.985
2175.000 1.434
2176.000 0.488
2177.000 0.463
2178.000 0.561
2179.000 0.355
2180.000 0.343
2181.000 0.259
2182.000 0.219
2183.000 0.231
2184.000 0.247
2185.000 0.219
2186.000 0.180
2187.000 0.168
2188.000 0.219
2189.000 0.207
2190.000 0.227
2191.000 0.881
2192.000 0.452
2193.000 0.330
2194.000 0.352
2195.000 0.496
2196.000 0.424
2197.000 0.449
2198.000 0.503
2199.000 0.552
2200.000 0.560
2201.000 0.583
2202.000 0.626
2203.000 0.694
2204.000 0.727
2205.000 0.777
2206.000 0.783
2207.000 0.826
2208.000 0.915
2209.000 0.969
2210.000 1.133
2211.000 1.006
2212.000 1.096
2213.000 1.024
2214.000 1.135
2215.000 1.217
2216.000 1.253
2217.000 1.340
2218.000 1.379
2219.000 1.474
2220.000 1.528
2221.000 1.553
2222.000 1.676
2223.000 1.754
2224.000 1.716
2225.000 1.906
2226.000 1.948
2227.000 1.990
2228.000 2.100
2229.000 2.115
2230.000 2.363
2231.000 2.371
2232.000 2.569
2233.000 2.602
2234.000 2.894
2235.000 2.856
2236.000 2.940
2237.000 3.048
2238.000 3.209
2239.000 3.506
2240.000 3.781
2241.000 3.427
2242.000 5.862
2243.000 3.248
2244.000 4.738
2245.000 4.758
2246.000 4.581
2247.000 5.582
2248.000 5.502
2249.000 5.798
2250.000 6.254
2251.000 6.559
2252.000 7.123
2253.000 7.607
2254.000 7.090
2255.000 9.783
2256.000 9.557
2257.000 10.885
2258.000 11.387
2259.000 12.561
2260.000 12.873
2261.000 13.575
2262.000 14.181
2263.000 14.716
2264.000 14.753
2265.000 14.438
2266.000 14.078
2267.000 13.016
2268.000 12.406
2269.000 11.446
2270.000 10.423
2271.000 9.948
2272.000 9.263
2273.000 8.627
2274.000 8.112
2275.000 7.463
2276.000 7.027
2277.000 6.716
2278.000 6.237
2279.000 5.961
2280.000 5.694
2281.000 5.325
2282.000 5.114
2283.000 5.076
2284.000 4.888
2285.000 4.497
2286.000 4.574
2287.000 4.373
2288.000 3.904
2289.000 4.078
2290.000 3.854
2291.000 3.564
2292.000 3.609
2293.000 3.447
2294.000 3.425
2295.000 3.302
2296.000 3.196
2297.000 3.154
2298.000 3.095
2299.000 2.967
2300.000 2.954
2301.000 2.821
2302.000 2.765
2303.000 2.611
2304.000 2.679
2305.000 2.553
2306.000 2.472
2307.000 2.429
2308.000 2.435
2309.000 2.403
2310.000 2.346
2311.000 2.256
2312.000 2.274
2313.000 2.191
2314.000 2.151
2315.000 2.118
2316.000 2.068
2317.000 2.006
2318.000 2.010
2319.000 1.943
2320.000 1.911
2321.000 1.857
2322.000 1.922
2323.000 1.866
2324.000 1.927
2325.000 1.767
2326.000 1.789
2327.000 1.745
2328.000 1.746
2329.000 1.743
2330.000 1.812
2331.000 1.653
2332.000 1.611
2333.000 1.666
2334.000 1.551
2335.000 1.543
2336.000 1.515
2337.000 1.588
2338.000 1.457
2339.000 1.468
2340.000 1.400
2341.000 1.418
2342.000 1.416
2343.000 1.446
2344.000 1.378
2345.000 1.360
2346.000 1.394
2347.000 1.315
2348.000 1.537
2349.000 1.307
2350.000 1.312
2351.000 1.312
2352.000 1.292
2353.000 1.233
2354.000 1.282
2355.000 1.260
2356.000 1.202
2357.000 1.219
2358.000 1.202
2359.000 1.220
2360.000 1.149
2361.000 1.200
2362.000 1.142
2363.000 1.165
2364.000 1.144
2365.000 1.104
2366.000 1.131
2367.000 1.102
2368.000 1.076
2369.000 1.095
2370.000 1.075
2371.000 1.081
2372.000 1.069
2373.000 1.056
2374.000 1.035
2375.000 1.041
2376.000 1.024
2377.000 1.007
2378.000 1.017
2379.000 0.983
2380.000 0.976
2381.000 1.000
2382.000 0.960
2383.000 0.946
2384.000 0.961
2385.000 0.946
2386.000 0.948
2387.000 0.932
2388.000 0.917
2389.000 0.908
2390.000 0.892
2391.000 0.953
2392.000 0.913
2393.000 0.870
2394.000 0.916
2395.000 0.874
2396.000 0.893
2397.000 0.872
2398.000 0.841
2399.000 0.874
2400.000 0.848
2401.000 0.840
2402.000 0.836
2403.000 0.812
2404.000 0.815
2405.000 0.814
2406.000 0.820
2407.000 0.854
2408.000 0.796
2409.000 0.822
2410.000 0.793
2411.000 0.813
2412.000 0.804
2413.000 0.800
2414.000 0.787
2415.000 0.789
2416.000 0.748
2417.000 0.747
2418.000 0.756
2419.000 0.749
2420.000 0.750
2421.000 0.735
2422.000 0.730
2423.000 0.767
2424.000 0.732
2425.000 0.749
2426.000 0.726
2427.000 0.709
2428.000 0.712
2429.000 0.711
2430.000 0.712
2431.000 0.719
2432.000 0.708
2433.000 0.702
2434.000 0.722
2435.000 0.704
2436.000 0.698
2437.000 0.701
2438.000 0.677
2439.000 0.678
2440.000 0.674
2441.000 0.701
2442.000 0.692
2443.000 0.675
2444.000 0.672
2445.000 0.678
2446.000 0.668
2447.000 0.692
2448.000 0.684
2449.000 0.663
2450.000 0.682
2451.000 0.658
2452.000 0.637
2453.000 0.646
2454.000 0.642
2455.000 0.646
2456.000 0.643
2457.000 0.629
2458.000 0.661
2459.000 0.629
2460.000 0.633
2461.000 0.648
2462.000 0.635
2463.000 0.617
2464.000 0.635
2465.000 0.628
2466.000 0.620
2467.000 0.641
2468.000 0.627
2469.000 0.630
2470.000 0.633
2471.000 0.607
2472.000 0.605
2473.000 0.611
2474.000 0.624
2475.000 0.611
2476.000 0.608
2477.000 0.605
2478.000 0.620
2479.000 0.626
2480.000 0.615
2481.000 0.601
2482.000 0.631
2483.000 0.605
2484.000 0.601
2485.000 0.609
2486.000 0.629
2487.000 0.609
2488.000 0.609
2489.000 0.614
2490.000 0.624
2491.000 0.598
2492.000 0.606
2493.000 0.609
2494.000 0.605
2495.000 0.598
2496.000 0.634
2497.000 0.586
2498.000 0.598
2499.000 0.611
2500.000 0.606
2501.000 0.605
2502.000 0.603
2503.000 0.623
2504.000 0.615
2505.000 0.585
2506.000 0.586
2507.000 0.620
2508.000 0.606
2509.000 0.593
2510.000 0.616
2511.000 0.591
2512.000 0.585
2513.000 0.610
2514.000 0.594
2515.000 0.601
2516.000 0.594
2517.000 0.591
2518.000 0.606
2519.000 0.615
2520.000 0.595
2521.000 0.595
2522.000 0.607
2523.000 0.601
2524.000 0.610
2525.000 0.588
2526.000 0.617
2527.000 0.602
2528.000 0.599
2529.000 0.602
2530.000 0.600
2531.000 0.581
2532.000 0.607
2533.000 0.605
2534.000 0.602
2535.000 0.621
2536.000 0.616
2537.000 0.614
2538.000 0.620
2539.000 0.594
2540.000 0.613
2541.000 0.613
2542.000 0.626
2543.000 0.630
2544.000 0.616
2545.000 0.627
2546.000 0.621
2547.000 0.621
2548.000 0.619
2549.000 0.632
2550.000 0.620
2551.000 0.626
2552.000 0.615
2553.000 0.617
2554.000 0.622
2555.000 0.632
2556.000 0.653
2557.000 0.646
2558.000 0.619
2559.000 0.635
2560.000 0.617
2561.000 0.643
2562.000 0.633
2563.000 0.631
2564.000 0.619
2565.000 0.665
2566.000 0.653
2567.000 0.636
2568.000 0.635
2569.000 0.658
2570.000 0.638
2571.000 0.663
2572.000 0.661
2573.000 0.657
2574.000 0.665
2575.000 0.658
2576.000 0.665
2577.000 0.661
2578.000 0.665
2579.000 0.674
2580.000 0.675
2581.000 0.678
2582.000 0.658
2583.000 0.671
2584.000 0.683
2585.000 0.683
2586.000 0.675
2587.000 0.658
2588.000 0.682
2589.000 0.716
2590.000 0.666
2591.000 0.669
2592.000 0.679
2593.000 0.694
2594.000 0.684
2595.000 0.674
2596.000 0.693
2597.000 0.695
2598.000 0.698
2599.000 0.726
2600.000 0.701
